0.484949651836 0.249798891068
1.46697538408 0.287281832437
2.4735572014 0.22217848022
3.50530914198 0.129962681406
4.56286059838 0.0263800969883
5.64685670148 -0.061623748916
6.75795871396 -0.117285929843
7.89684443378 -0.139603778668
9.06420860757 -0.13721983626
10.2607633545 -0.120779970544
11.4872386006 -0.0987476136593
12.7443825243 -0.0764598067521
14.0329620123 -0.0566688801808
15.353763128 -0.0404036841979
16.7075915906 -0.027715387278
18.0952732668 -0.0181865086275
19.5176546746 -0.0112169736167
20.9756034995 -0.00621105513643
22.4700091241 -0.00269926020107
24.0017831703 -0.000335435812201
25.5718600558 0.00117199785079
27.1811975638 0.00210280618951
28.8307774275 0.00265578899835
30.5216059286 0.00292605631343
32.2547145117 0.00297154250695
34.0311604132 0.00283145967104
35.8520273062 0.0025667313518
37.7184259616 0.00228187659945
39.6314949257 0.00206638313363
41.592401215 0.00192535350581
43.6023410276 0.00178407239602
45.6625404733 0.00157539787217
47.7742563214 0.0013068073439
49.9387767675 0.00113022786624
52.1574222193 0.00112340119702
54.4315461016 0.00114518784327
56.7625356826 0.0011122147563
59.1518129201 0.00102431100791
61.6008353285 0.000899576069396
64.1110968678 0.000770277921127
66.684128856 0.000650753732494
69.3215009019 0.000545222481613
72.0248218637 0.00045917637671
74.7957408295 0.000395669758173
77.6359481242 0.000352101586996
80.5471763399 0.00031355443389
83.5312013931 0.000268752281536
86.5898436082 0.000239661898502
89.7249688276 0.000237403993908
92.9384895505 0.000236257316634
96.2323660987 0.000203122946888
99.6086078133 0.000158190421046
103.06927428 0.000147207045682
106.616476585 0.000159968400963
110.252378603 0.000165001812145
113.97919832 0.000156148369221
117.799209182 0.000121459411777
121.714741483 6.6260413083e-05
125.728183789 3.12160213441e-05
129.841984393 3.51156463528e-06
134.058652808 2.00842515004e-05
138.380761299 5.41919538398e-05
142.810946453 6.70940878744e-05
147.351910786 8.5451345362e-05
152.006424389 9.38330325266e-05
156.777326625 8.73394350769e-05
161.667527854 6.21386077728e-05
166.680011212 5.19505247433e-05
171.817834431 7.79781440897e-05
177.0841317 6.82968724759e-05
182.482115584 5.14161850377e-05
188.015078976 5.39685316071e-05
193.686397114 4.80295488044e-05
199.499529632 3.33071203764e-05
205.458022675 2.83608328851e-05
211.565511063 4.52092775636e-05
217.825720504 6.93161478399e-05
224.242469871 5.97879020223e-05
230.819673531 5.43869830111e-05
237.561343728 6.36061111258e-05
244.471593038 6.40772008029e-05
251.554636873 6.76915912171e-05
258.814796054 4.45216056091e-05
266.256499446 5.10481307598e-06
273.884286659 2.56918926187e-05
281.702810821 6.99097460269e-05
289.716841413 9.96850783803e-05
297.931267177 9.62296714556e-05
306.351099105 7.61555564128e-05
314.981473489 7.52993021407e-05
323.827655056 7.06632684473e-05
332.895040182 7.54450445802e-05
342.189160183 8.45847931948e-05
351.715684685 8.78269054442e-05
361.480425089 9.39685031463e-05
371.489338114 0.000114976866197
381.748529427 9.6749219465e-05
