0.484949651836 0.352516185279
1.46697538408 0.322426458354
2.4735572014 0.301426799114
3.50530914198 0.28097239073
4.56286059838 0.261211032729
5.64685670148 0.2459994146
6.75795871396 0.2375105516
7.89684443378 0.234696349939
9.06420860757 0.234802049542
10.2607633545 0.235217834297
11.4872386006 0.234321708682
12.7443825243 0.231462349301
14.0329620123 0.226632192011
15.353763128 0.220151316218
16.7075915906 0.212448082397
18.0952732668 0.203939234291
19.5176546746 0.194986904649
20.9756034995 0.185877012158
22.4700091241 0.176805861355
24.0017831703 0.167900818977
25.5718600558 0.15925192063
27.1811975638 0.150931647601
28.8307774275 0.14298609474
30.5216059286 0.135433109616
32.2547145117 0.128273544582
34.0311604132 0.121492271722
35.8520273062 0.115077303964
37.7184259616 0.109033803016
39.6314949257 0.103366635327
41.592401215 0.0980624708641
43.6023410276 0.0930899654876
45.6625404733 0.0884153225786
47.7742563214 0.0840179054274
49.9387767675 0.0798974452283
52.1574222193 0.0760278203925
54.4315461016 0.0723483065647
56.7625356826 0.0688491120059
59.1518129201 0.0655541469261
61.6008353285 0.0624647394747
64.1110968678 0.0595587096215
66.684128856 0.0568103994298
69.3215009019 0.0542042271757
72.0248218637 0.0517265020392
74.7957408295 0.0493644529719
77.6359481242 0.0471174487741
80.5471763399 0.044983623579
83.5312013931 0.0429572936511
86.5898436082 0.0410432924468
89.7249688276 0.0392299149497
92.9384895505 0.0374958454674
96.2323660987 0.0358328501578
99.6086078133 0.0342446849891
103.06927428 0.0327322003231
106.616476585 0.031276900086
110.252378603 0.0298728408548
113.97919832 0.0285284059074
117.799209182 0.0272403314145
121.714741483 0.0260042708781
125.728183789 0.0248273047913
129.841984393 0.0237166626252
134.058652808 0.0226711183959
138.380761299 0.0216661413061
142.810946453 0.0206929737107
147.351910786 0.0197618630299
152.006424389 0.0188606132241
156.777326625 0.0179774537368
161.667527854 0.0171123155105
166.680011212 0.0162871786191
171.817834431 0.0155042475972
177.0841317 0.0147392689875
182.482115584 0.0140080803685
188.015078976 0.0133200190645
193.686397114 0.0126671570398
199.499529632 0.0120367183242
205.458022675 0.0114311056419
211.565511063 0.0108571079022
217.825720504 0.0103092033307
224.242469871 0.00976960181696
230.819673531 0.00924282640295
237.561343728 0.00874034477491
244.471593038 0.00826125948967
251.554636873 0.00779981871146
258.814796054 0.00734756010211
266.256499446 0.0069072897329
273.884286659 0.00650253072464
281.702810821 0.00613030934077
289.716841413 0.00577477739379
297.931267177 0.00543884376016
306.351099105 0.00514745170902
314.981473489 0.0049006768279
323.827655056 0.00467415590901
332.895040182 0.00448099974841
342.189160183 0.00431374219294
351.715684685 0.00416407514151
361.480425089 0.00404966287575
371.489338114 0.00397065416887
381.748529427 0.00391024586626
