0.484949651836 0.00013115766616
1.46697538408 0.00546030398553
2.4735572014 0.0266228526452
3.50530914198 0.0718795491172
4.56286059838 0.140645493407
5.64685670148 0.223217793944
6.75795871396 0.305503293722
7.89684443378 0.374959860336
9.06420860757 0.424230157697
10.2607633545 0.451565148697
11.4872386006 0.459238399944
12.7443825243 0.45150582145
14.0329620123 0.433013022632
15.353763128 0.407875266152
16.7075915906 0.379313851203
18.0952732668 0.349639944277
19.5176546746 0.320398572601
20.9756034995 0.292552938629
22.4700091241 0.266646552929
24.0017831703 0.242930031223
25.5718600558 0.221462321558
27.1811975638 0.202187312929
28.8307774275 0.184978314168
30.5216059286 0.169660947478
32.2547145117 0.156033604477
34.0311604132 0.143893478352
35.8520273062 0.133058888881
37.7184259616 0.123377763802
39.6314949257 0.114723626824
41.592401215 0.106986274224
43.6023410276 0.100061605802
45.6625404733 0.0938464479676
47.7742563214 0.0882471344011
49.9387767675 0.0831763784245
52.1574222193 0.0785414006192
54.4315461016 0.0742657327878
56.7625356826 0.0703203890413
59.1518129201 0.0667140562472
61.6008353285 0.063450290239
64.1110968678 0.0604995114428
66.684128856 0.0578074623569
69.3215009019 0.0553200514811
72.0248218637 0.0529969079452
74.7957408295 0.0508112911813
77.6359481242 0.0487506676425
80.5471763399 0.0468084540011
83.5312013931 0.0449731381264
86.5898436082 0.0432354352066
89.7249688276 0.0415766912256
92.9384895505 0.0399642098652
96.2323660987 0.0383863187869
99.6086078133 0.0368576704509
103.06927428 0.0353767263606
106.616476585 0.0339128008927
110.252378603 0.032435846246
113.97919832 0.0309574784383
117.799209182 0.029531714585
121.714741483 0.0281967479323
125.728183789 0.0269461106496
129.841984393 0.025765152368
134.058652808 0.0246471514426
138.380761299 0.0235974729786
142.810946453 0.0226200162016
147.351910786 0.021696210409
152.006424389 0.0208108322073
156.777326625 0.0199412866685
161.667527854 0.0190492749926
166.680011212 0.0181003926555
171.817834431 0.0170886831414
177.0841317 0.0160524324193
182.482115584 0.0150431765543
188.015078976 0.01409022731
193.686397114 0.0131988240749
199.499529632 0.0123572571531
205.458022675 0.0115593968688
211.565511063 0.0107961869275
217.825720504 0.0100495700373
224.242469871 0.00934773673621
230.819673531 0.00872752762848
237.561343728 0.00815859315272
244.471593038 0.007588884409
251.554636873 0.00697575838092
258.814796054 0.00631380508344
266.256499446 0.00563915733195
273.884286659 0.00500099232006
281.702810821 0.00441588305212
289.716841413 0.00387797733744
297.931267177 0.003370914254
306.351099105 0.00290012695043
314.981473489 0.00246954703367
323.827655056 0.00207724005307
332.895040182 0.00172316579044
342.189160183 0.00141353722086
351.715684685 0.00115446176302
361.480425089 0.000932637527629
371.489338114 0.000758894782037
381.748529427 0.000667291030578
