0.484949651836 0.0136376988972
1.46697538408 0.0252771597825
2.4735572014 0.028330594071
3.50530914198 0.0273926349573
4.56286059838 0.0247009732359
5.64685670148 0.0212746343326
6.75795871396 0.0175458116077
7.89684443378 0.0136768862296
9.06420860757 0.009761492169
10.2607633545 0.00591355805148
11.4872386006 0.00226991681689
12.7443825243 -0.00103928116401
14.0329620123 -0.00391421358392
15.353763128 -0.00629300144224
16.7075915906 -0.00814953393417
18.0952732668 -0.00948601908228
19.5176546746 -0.0103233060063
20.9756034995 -0.0106988123466
22.4700091241 -0.0106720935743
24.0017831703 -0.0103206034736
25.5718600558 -0.00972577632205
27.1811975638 -0.00896095833483
28.8307774275 -0.0080889843529
30.5216059286 -0.00716950649473
32.2547145117 -0.0062623800361
34.0311604132 -0.00542139339645
35.8520273062 -0.00469202461348
37.7184259616 -0.00411269447573
39.6314949257 -0.00370027480285
41.592401215 -0.00343817410881
43.6023410276 -0.00328646485867
45.6625404733 -0.003193924262
47.7742563214 -0.00311185767628
49.9387767675 -0.00302283664052
52.1574222193 -0.00294190766056
54.4315461016 -0.00288170118691
56.7625356826 -0.00282156926618
59.1518129201 -0.0027389016032
61.6008353285 -0.00261764068098
64.1110968678 -0.0024497582036
66.684128856 -0.00222850553761
69.3215009019 -0.00194950229025
72.0248218637 -0.00163656206899
74.7957408295 -0.00133425700987
77.6359481242 -0.00109696527497
80.5471763399 -0.000965705685148
83.5312013931 -0.000941080283756
86.5898436082 -0.000969789583977
89.7249688276 -0.000993679102564
92.9384895505 -0.000983534652208
96.2323660987 -0.000938811988481
99.6086078133 -0.000881767969515
103.06927428 -0.000845027185218
106.616476585 -0.000834182976333
110.252378603 -0.000832626367492
113.97919832 -0.000847636644411
117.799209182 -0.000912991902276
121.714741483 -0.00104719676935
125.728183789 -0.00120926349009
129.841984393 -0.00132259644516
134.058652808 -0.0013573696541
138.380761299 -0.0013626631128
142.810946453 -0.0013624701371
147.351910786 -0.00132524539132
152.006424389 -0.00123843332392
156.777326625 -0.00112159906266
161.667527854 -0.00103410064855
166.680011212 -0.00100197365035
171.817834431 -0.00102687705026
177.0841317 -0.00109261265735
182.482115584 -0.00113548077614
188.015078976 -0.00112807799827
193.686397114 -0.00108380917632
199.499529632 -0.000996874661525
205.458022675 -0.000877785546942
211.565511063 -0.000749759440722
217.825720504 -0.000600220706237
224.242469871 -0.000464754072784
230.819673531 -0.000367564960206
237.561343728 -0.000306538345935
244.471593038 -0.000268326843944
251.554636873 -0.000255698253464
258.814796054 -0.000250028664822
266.256499446 -0.000248651686916
273.884286659 -0.000267104233387
281.702810821 -0.000282717811973
289.716841413 -0.000288210769814
297.931267177 -0.000302956986926
306.351099105 -0.000351785520652
314.981473489 -0.000441434134307
323.827655056 -0.000526041851571
332.895040182 -0.000531832598278
342.189160183 -0.000466023969637
351.715684685 -0.000381347562181
361.480425089 -0.00030417143464
371.489338114 -0.000252607918771
381.748529427 -0.000264912812315
