0.484949651836 -0.00113124825902
1.46697538408 -0.0085972392357
2.4735572014 -0.0280264661275
3.50530914198 -0.0545060258446
4.56286059838 -0.0726602176812
5.64685670148 -0.0694305129009
6.75795871396 -0.0434710333356
7.89684443378 -0.00355608458089
9.06420860757 0.0386036840308
10.2607633545 0.0740681938736
11.4872386006 0.0985137135957
12.7443825243 0.111422246777
14.0329620123 0.114478833629
15.353763128 0.110211785207
16.7075915906 0.101142087751
18.0952732668 0.0893855051081
19.5176546746 0.0765525435464
20.9756034995 0.0637654900845
22.4700091241 0.0517136396365
24.0017831703 0.0407681897739
25.5718600558 0.0311126475281
27.1811975638 0.0228233445484
28.8307774275 0.0158748723819
30.5216059286 0.0101436139495
32.2547145117 0.00546403056539
34.0311604132 0.00166739651264
35.8520273062 -0.00138511839145
37.7184259616 -0.00379572162924
39.6314949257 -0.00565139998208
41.592401215 -0.00704818688044
43.6023410276 -0.00811740759001
45.6625404733 -0.00897474002408
47.7742563214 -0.00963350811708
49.9387767675 -0.0100002180826
52.1574222193 -0.0100819161734
54.4315461016 -0.0100374975548
56.7625356826 -0.00994038523484
59.1518129201 -0.00976605844371
61.6008353285 -0.00948427796214
64.1110968678 -0.00907581893701
66.684128856 -0.00855930978236
69.3215009019 -0.00796175861502
72.0248218637 -0.00730486617385
74.7957408295 -0.00662155494139
77.6359481242 -0.00596360402241
80.5471763399 -0.00541348625887
83.5312013931 -0.00500688631793
86.5898436082 -0.00468058561292
89.7249688276 -0.00436238279062
92.9384895505 -0.00406092514187
96.2323660987 -0.0037884923599
99.6086078133 -0.00350752210366
103.06927428 -0.00319610084961
106.616476585 -0.00289015272395
110.252378603 -0.00266087567717
113.97919832 -0.00254412273514
117.799209182 -0.00255134579986
121.714741483 -0.00265727739503
125.728183789 -0.00280150487323
129.841984393 -0.00292718547028
134.058652808 -0.0029536806352
138.380761299 -0.00287985826291
142.810946453 -0.0027422582485
147.351910786 -0.00251941465383
152.006424389 -0.0022350881999
156.777326625 -0.00197961101584
161.667527854 -0.00188314141028
166.680011212 -0.0019527130633
171.817834431 -0.00208517824965
177.0841317 -0.00225956017326
182.482115584 -0.00242836645444
188.015078976 -0.00252740324885
193.686397114 -0.00258000989072
199.499529632 -0.0025604700212
205.458022675 -0.00245620532809
211.565511063 -0.00231994641401
217.825720504 -0.0021882533893
224.242469871 -0.00206853988145
230.819673531 -0.00192727405749
237.561343728 -0.00178832157404
244.471593038 -0.00173473183377
251.554636873 -0.00178837008995
258.814796054 -0.00192011294681
266.256499446 -0.0020509702832
273.884286659 -0.00214523395695
281.702810821 -0.00221472153297
289.716841413 -0.00225406235945
297.931267177 -0.00233743001431
306.351099105 -0.00248370634468
314.981473489 -0.00265392964552
323.827655056 -0.00281726675957
332.895040182 -0.00289535176062
342.189160183 -0.00287100464815
351.715684685 -0.00282406723127
361.480425089 -0.00282568640244
371.489338114 -0.00285761295672
381.748529427 -0.00289849242911
