0.484949651836 0.484949651836
1.46697538408 1.46364313245
2.4735572014 2.45780724366
3.50530914198 3.45613477694
4.56286059838 4.4424111933
5.64685670148 5.39859495914
6.75795871396 6.30826710924
7.89684443378 7.15906901298
9.06420860757 7.94362890991
10.2607633545 8.65925051753
11.4872386006 9.30692974861
12.7443825243 9.89019289368
14.0329620123 10.4140501009
15.353763128 10.8841839287
16.7075915906 11.3063885831
18.0952732668 11.6862244504
19.5176546746 12.0288357463
20.9756034995 12.3388782429
22.4700091241 12.6205088659
24.0017831703 12.8774021277
25.5718600558 13.1127818468
27.1811975638 13.3294651571
28.8307774275 13.5299107188
30.5216059286 13.7162585365
32.2547145117 13.8903535212
34.0311604132 14.0537662213
35.8520273062 14.2078314629
37.7184259616 14.353697848
39.6314949257 14.4923728203
41.592401215 14.6247583836
43.6023410276 14.7516673627
45.6625404733 14.8738179735
47.7742563214 14.991828133
49.9387767675 15.1062316119
52.1574222193 15.217463355
54.4315461016 15.3258319968
56.7625356826 15.4315816502
59.1518129201 15.5349867148
61.6008353285 15.6363842423
64.1110968678 15.7361335573
66.684128856 15.8345420804
69.3215009019 15.9318341725
72.0248218637 16.0281860883
74.7957408295 16.1237500433
77.6359481242 16.2186674842
80.5471763399 16.3130775573
83.5312013931 16.4071026544
86.5898436082 16.500845226
89.7249688276 16.5944145849
92.9384895505 16.6878784975
96.2323660987 16.7811978553
99.6086078133 16.8742935282
103.06927428 16.967105728
106.616476585 17.0595632513
110.252378603 17.151527389
113.97919832 17.2428638325
117.799209182 17.3335600844
121.714741483 17.4237335076
125.728183789 17.5135744876
129.841984393 17.6032482412
134.058652808 17.6929080703
138.380761299 17.7826412741
142.810946453 17.8725133785
147.351910786 17.962668872
152.006424389 18.0532101505
156.777326625 18.1441755748
161.667527854 18.2354623785
166.680011212 18.3267022907
171.817834431 18.417386946
177.0841317 18.5069862224
182.482115584 18.5952105108
188.015078976 18.6820956783
193.686397114 18.7678025268
199.499529632 18.8525023603
205.458022675 18.9362620689
211.565511063 19.019205539
217.825720504 19.1014103048
224.242469871 19.1826597285
230.819673531 19.2631734132
237.561343728 19.3437455759
244.471593038 19.4246332764
251.554636873 19.5055308254
258.814796054 19.5855145974
266.256499446 19.6633421016
273.884286659 19.7382721582
281.702810821 19.8099315187
289.716841413 19.8784153934
297.931267177 19.943638444
306.351099105 20.0053110852
314.981473489 20.0633388141
323.827655056 20.1171456981
332.895040182 20.1656996593
342.189160183 20.2082549276
351.715684685 20.2449621795
361.480425089 20.2753312738
371.489338114 20.297837768
381.748529427 20.3099682517
