  0.290089 2.3143e-05
  0.877522 2.56127e-05
   1.47964 1.98489e-05
   2.09682 1.32212e-05
   2.72943 6.21651e-06
   3.37786 2.7599e-09
   4.04251 -4.59692e-06
   4.72377 -7.39486e-06
   5.42207 -8.64978e-06
   6.13783 -8.78734e-06
   6.87149 -8.2181e-06
    7.6235 -7.27352e-06
    8.3943 -6.18909e-06
   9.18439 -5.10909e-06
   9.99423 -4.1141e-06
   10.8243 -3.24138e-06
   11.6752 -2.50708e-06
   12.5473 -1.90421e-06
   13.4412 -1.41871e-06
   14.3575 -1.05243e-06
   15.2967 -7.95395e-07
   16.2594 -6.37021e-07
   17.2461 -5.68654e-07
   18.2576 -5.59863e-07
   19.2943 -5.99892e-07
   20.3569 -6.53196e-07
   21.4461 -7.10013e-07
   22.5626 -7.57702e-07
    23.707 -8.0465e-07
   24.8799 -8.30636e-07
   26.0823 -8.01081e-07
   27.3146 -6.88733e-07
   28.5778 -5.03008e-07
   29.8726 -2.70558e-07
   31.1998 -1.3059e-08
   32.5601 2.34181e-07
   33.9545 3.90087e-07
   35.3837 4.13868e-07
   36.8487 3.7979e-07
   38.3503 3.97102e-07
   39.8894 4.45226e-07
   41.4671 4.03202e-07
   43.0841 2.55673e-07
   44.7417 6.42718e-08
   46.4406 -1.02533e-07
   48.1821 -1.95136e-07
   49.9671 -2.28049e-07
   51.7967 -2.12398e-07
   53.6721 -1.25813e-07
   55.5944 2.78694e-08
   57.5647 1.94549e-07
   59.5843 2.9227e-07
   61.6545 2.66866e-07
   63.7763 1.64907e-07
   65.9513 8.81142e-08
   68.1806 6.13261e-08
   70.4657 2.95219e-08
   72.8079 1.75174e-08
   75.2087 5.39513e-08
   77.6695 4.22299e-08
   80.1918 -7.10509e-08
   82.7773 -1.33998e-07
   85.4273 -8.43657e-08
   88.1437 -4.5943e-08
   90.9279 -5.71348e-08
   93.7818 -9.57819e-08
    96.707 -9.30039e-08
   99.7054 -5.36267e-08
   102.779 -7.05259e-08
   105.929 -1.11009e-07
   109.158 -8.34001e-08
   112.468 -6.21702e-08
    115.86 -6.57426e-08
   119.338 -5.796e-08
   122.902 -5.32927e-08
   126.555 -3.17575e-08
     130.3 -1.0022e-08
   134.138 -9.16129e-09
   138.073 -3.87774e-08
   142.106 -1.87189e-08
   146.239 3.46229e-09
   150.476 9.61609e-09
   154.819 1.04502e-08
   159.271 3.96467e-08
   163.833 3.44187e-08
    168.51 4.42614e-08
   173.304 6.65004e-08
   178.218 7.09128e-08
   183.255 6.99598e-08
   188.417 6.93833e-08
   193.709 5.7629e-08
   199.133 4.77376e-08
   204.692 4.64007e-08
   210.391 4.43602e-08
   216.232 3.36706e-08
   222.219 3.21832e-08
   228.356 3.15735e-08
