  0.290089 4.18671e-09
  0.877522 1.46501e-07
   1.47964 6.94338e-07
   2.09682 1.84282e-06
   2.72943 3.5782e-06
   3.37786 5.71057e-06
   4.04251 7.97715e-06
   4.72377 1.01379e-05
   5.42207 1.20275e-05
   6.13783 1.35636e-05
   6.87149 1.47313e-05
    7.6235 1.55606e-05
    8.3943 1.61044e-05
   9.18439 1.6422e-05
   9.99423 1.65677e-05
   10.8243 1.65857e-05
   11.6752 1.65096e-05
   12.5473 1.63644e-05
   13.4412 1.61691e-05
   14.3575 1.59414e-05
   15.2967 1.57007e-05
   16.2594 1.54689e-05
   17.2461 1.52712e-05
   18.2576 1.51343e-05
   19.2943 1.50843e-05
   20.3569 1.5143e-05
   21.4461 1.53225e-05
   22.5626 1.56193e-05
    23.707 1.60101e-05
   24.8799 1.64512e-05
   26.0823 1.68856e-05
   27.3146 1.72628e-05
   28.5778 1.75593e-05
   29.8726 1.77896e-05
   31.1998 1.79917e-05
   32.5601 1.81984e-05
   33.9545 1.84292e-05
   35.3837 1.87011e-05
   36.8487 1.90326e-05
   38.3503 1.94338e-05
   39.8894 1.9904e-05
   41.4671 2.04424e-05
   43.0841 2.10608e-05
   44.7417 2.1779e-05
   46.4406 2.25928e-05
   48.1821 2.34529e-05
   49.9671 2.42941e-05
   51.7967 2.5082e-05
   53.6721   2.58e-05
   55.5944 2.64056e-05
   57.5647 2.68237e-05
   59.5843 2.6998e-05
   61.6545 2.69489e-05
   63.7763  2.676e-05
   65.9513 2.6504e-05
   68.1806 2.62081e-05
   70.4657 2.58792e-05
   72.8079 2.55223e-05
   75.2087 2.51529e-05
   77.6695 2.47878e-05
   80.1918 2.4455e-05
   82.7773 2.41321e-05
   85.4273 2.37429e-05
   88.1437 2.32513e-05
   90.9279 2.26834e-05
   93.7818 2.20768e-05
    96.707 2.1414e-05
   99.7054 2.06274e-05
   102.779 1.97383e-05
   105.929 1.88079e-05
   109.158 1.7879e-05
   112.468 1.69487e-05
    115.86 1.60375e-05
   119.338 1.5102e-05
   122.902 1.41178e-05
   126.555 1.31193e-05
     130.3 1.2091e-05
   134.138 1.10366e-05
   138.073 9.99434e-06
   142.106 8.97942e-06
   146.239 7.96292e-06
   150.476 6.9732e-06
   154.819 6.03321e-06
   159.271 5.12627e-06
   163.833 4.25816e-06
    168.51 3.48006e-06
   173.304 2.78909e-06
   178.218 2.17589e-06
   183.255 1.65072e-06
   188.417 1.21039e-06
   193.709 8.54551e-07
   199.133 5.75029e-07
   204.692 3.63945e-07
   210.391 2.09107e-07
   216.232 1.05106e-07
   222.219 4.21069e-08
   228.356 1.21499e-08
