  0.290089 3.33173e-05
  0.877522 2.93235e-05
   1.47964 2.64399e-05
   2.09682 2.37661e-05
   2.72943 2.11164e-05
   3.37786 1.86558e-05
   4.04251 1.65724e-05
   4.72377 1.4942e-05
   5.42207 1.37392e-05
   6.13783 1.28902e-05
   6.87149 1.23115e-05
    7.6235 1.19275e-05
    8.3943 1.16771e-05
   9.18439 1.15159e-05
   9.99423 1.14127e-05
   10.8243 1.13479e-05
   11.6752 1.13102e-05
   12.5473 1.12938e-05
   13.4412 1.12941e-05
   14.3575 1.13053e-05
   15.2967 1.13216e-05
   16.2594 1.13372e-05
   17.2461 1.13483e-05
   18.2576 1.13547e-05
   19.2943 1.13608e-05
   20.3569 1.13741e-05
   21.4461 1.14027e-05
   22.5626 1.14493e-05
    23.707 1.15108e-05
   24.8799 1.15828e-05
   26.0823 1.16654e-05
   27.3146 1.17614e-05
   28.5778 1.18714e-05
   29.8726 1.19968e-05
   31.1998 1.21399e-05
   32.5601 1.22854e-05
   33.9545 1.23967e-05
   35.3837 1.24555e-05
   36.8487 1.24838e-05
   38.3503 1.25044e-05
   39.8894 1.24976e-05
   41.4671 1.24431e-05
   43.0841 1.23777e-05
   44.7417 1.23464e-05
   46.4406 1.23669e-05
   48.1821 1.24314e-05
   49.9671 1.25037e-05
   51.7967 1.25617e-05
   53.6721 1.26123e-05
   55.5944 1.26547e-05
   57.5647 1.26687e-05
   59.5843 1.26307e-05
   61.6545 1.25378e-05
   63.7763 1.24233e-05
   65.9513 1.23252e-05
   68.1806 1.22366e-05
   70.4657 1.21257e-05
   72.8079 1.19977e-05
   75.2087 1.1856e-05
   77.6695 1.16807e-05
   80.1918 1.14802e-05
   82.7773 1.1295e-05
   85.4273 1.10997e-05
   88.1437 1.08543e-05
   90.9279 1.05829e-05
   93.7818 1.03061e-05
    96.707 1.00046e-05
   99.7054 9.66495e-06
   102.779 9.28544e-06
   105.929  8.881e-06
   109.158 8.46534e-06
   112.468 8.02408e-06
    115.86 7.57244e-06
   119.338 7.11542e-06
   122.902 6.64615e-06
   126.555 6.18061e-06
     130.3 5.70889e-06
   134.138 5.21402e-06
   138.073 4.71653e-06
   142.106 4.24004e-06
   146.239 3.77758e-06
   150.476 3.34629e-06
   154.819 2.94068e-06
   159.271 2.54759e-06
   163.833 2.17644e-06
    168.51 1.83845e-06
   173.304 1.53142e-06
   178.218 1.25306e-06
   183.255 1.00841e-06
   188.417 7.96695e-07
   193.709 6.13701e-07
   199.133 4.68091e-07
   204.692 3.50332e-07
   210.391 2.56711e-07
   216.232 1.89436e-07
   222.219 1.46578e-07
   228.356 1.23234e-07
