  0.290089 -1.29903e-07
  0.877522 -1.00656e-06
   1.47964 -3.4433e-06
   2.09682 -7.41375e-06
   2.72943 -1.19485e-05
   3.37786 -1.59281e-05
   4.04251 -1.86732e-05
   4.72377 -2.00486e-05
   5.42207 -2.02785e-05
   6.13783 -1.9716e-05
   6.87149 -1.86984e-05
    7.6235 -1.74904e-05
    8.3943 -1.6272e-05
   9.18439 -1.51462e-05
   9.99423 -1.4158e-05
   10.8243 -1.33142e-05
   11.6752 -1.25956e-05
   12.5473 -1.19655e-05
   13.4412 -1.13843e-05
   14.3575 -1.08189e-05
   15.2967 -1.02429e-05
   16.2594 -9.62991e-06
   17.2461 -8.94868e-06
   18.2576 -8.16682e-06
   19.2943 -7.25243e-06
   20.3569 -6.18049e-06
   21.4461 -4.95091e-06
   22.5626 -3.60593e-06
    23.707 -2.22523e-06
   24.8799 -9.07668e-07
   26.0823 2.46343e-07
   27.3146 1.15659e-06
   28.5778 1.78651e-06
   29.8726 2.16227e-06
   31.1998 2.35828e-06
   32.5601 2.44428e-06
   33.9545 2.45266e-06
   35.3837 2.42083e-06
   36.8487 2.44954e-06
   38.3503 2.6716e-06
   39.8894 3.11393e-06
   41.4671 3.66624e-06
   43.0841 4.25142e-06
   44.7417 4.90713e-06
   46.4406 5.71972e-06
   48.1821 6.72676e-06
   49.9671 7.85366e-06
   51.7967 8.99705e-06
   53.6721 1.00719e-05
   55.5944 1.09734e-05
   57.5647 1.1584e-05
   59.5843 1.18135e-05
   61.6545 1.16438e-05
   63.7763 1.11782e-05
   65.9513 1.05791e-05
   68.1806 9.93424e-06
   70.4657 9.26319e-06
   72.8079 8.68826e-06
   75.2087 8.27808e-06
   77.6695 7.96599e-06
   80.1918 7.67074e-06
   82.7773 7.35334e-06
   85.4273 7.0045e-06
   88.1437 6.52515e-06
   90.9279 5.86848e-06
   93.7818 5.14295e-06
    96.707 4.52293e-06
   99.7054 3.97651e-06
   102.779 3.2553e-06
   105.929 2.38534e-06
   109.158 1.61626e-06
   112.468 9.69642e-07
    115.86 3.16192e-07
   119.338 -2.41368e-07
   122.902 -6.47117e-07
   126.555 -1.09802e-06
     130.3 -1.60095e-06
   134.138 -2.13522e-06
   138.073 -2.69668e-06
   142.106 -3.10378e-06
   146.239 -3.30679e-06
   150.476 -3.43671e-06
   154.819 -3.57646e-06
   159.271 -3.72046e-06
   163.833 -3.83324e-06
    168.51 -3.84956e-06
   173.304 -3.67648e-06
   178.218 -3.3982e-06
   183.255 -3.09924e-06
   188.417 -2.8009e-06
   193.709 -2.49256e-06
   199.133 -2.14279e-06
   204.692 -1.79754e-06
   210.391 -1.45465e-06
   216.232 -1.16434e-06
   222.219 -9.74268e-07
   228.356 -8.94514e-07
