  0.290089   0.290089
  0.877522   0.876375
   1.47964     1.4747
   2.09682    2.08072
   2.72943    2.68754
   3.37786    3.28719
   4.04251    3.87209
   4.72377    4.43606
   5.42207    4.97477
   6.13783    5.48569
   6.87149    5.96784
    7.6235    6.42145
    8.3943    6.84758
   9.18439    7.24779
   9.99423    7.62392
   10.8243    7.97789
   11.6752    8.31163
   12.5473    8.62705
   13.4412    8.92605
   14.3575    9.21055
   15.2967    9.48246
   16.2594    9.74372
   17.2461    9.99628
   18.2576    10.2421
   19.2943     10.483
   20.3569    10.7211
   21.4461    10.9584
   22.5626     11.197
    23.707     11.439
   24.8799    11.6864
   26.0823    11.9404
   27.3146    12.2021
   28.5778    12.4715
   29.8726    12.7482
   31.1998    13.0318
   32.5601    13.3221
   33.9545     13.619
   35.3837    13.9226
   36.8487    14.2332
   38.3503    14.5518
   39.8894    14.8792
   41.4671    15.2164
   43.0841    15.5648
   44.7417    15.9267
   46.4406    16.3051
   48.1821    16.7031
   49.9671    17.1224
   51.7967    17.5637
   53.6721    18.0267
   55.5944    18.5111
   57.5647     19.015
   59.5843    19.5345
   61.6545     20.065
   63.7763     20.603
   65.9513    21.1474
   68.1806    21.6985
   70.4657    22.2567
   72.8079    22.8219
   75.2087    23.3944
   77.6695    23.9746
   80.1918    24.5634
   82.7773    25.1627
   85.4273    25.7735
   88.1437    26.3942
   90.9279    27.0236
   93.7818    27.6622
    96.707    28.3102
   99.7054    28.9659
   102.779    29.6257
   105.929    30.2877
   109.158     30.953
   112.468    31.6224
    115.86    32.2964
   119.338    32.9757
   122.902    33.6582
   126.555    34.3421
     130.3    35.0261
   134.138    35.7091
   138.073    36.3886
   142.106    37.0635
   146.239    37.7313
   150.476    38.3879
   154.819    39.0302
   159.271    39.6562
   163.833    40.2615
    168.51    40.8431
   173.304    41.3999
   178.218    41.9274
   183.255    42.4197
   188.417     42.873
   193.709    43.2824
   199.133    43.6438
   204.692    43.9559
   210.391    44.2141
   216.232    44.4134
   222.219    44.5507
   228.356    44.6217
