  0.487339 4.62731e-05
    1.4742 5.29345e-05
   2.48574 4.03926e-05
   3.52258 2.27463e-05
   4.58534 3.30984e-06
   5.67468 -1.26805e-05
   6.79126 -2.22834e-05
   7.93575 -2.5659e-05
   9.10887 -2.46635e-05
   10.3113 -2.13619e-05
   11.5438 -1.72913e-05
   12.8072 -1.33424e-05
   14.1021 -9.91512e-06
   15.4294 -7.11662e-06
   16.7899 -4.91899e-06
   18.1844 -3.25254e-06
   19.6138 -2.0302e-06
    21.079 -1.15375e-06
   22.5807 -5.34055e-07
     24.12 -1.06542e-07
   25.6979 1.80169e-07
   27.3151 3.65586e-07
   28.9728 4.72225e-07
    30.672 5.23767e-07
   32.4136 5.43848e-07
   34.1988 5.42763e-07
   36.0287 5.1476e-07
   37.9043 4.65167e-07
   39.8268 4.17597e-07
   41.7973 3.84171e-07
   43.8172 3.55149e-07
   45.8875 3.21344e-07
   48.0096 2.87355e-07
   50.1848 2.58783e-07
   52.4144 2.34985e-07
   54.6997 2.09619e-07
   57.0422 1.79897e-07
   59.4433 1.51476e-07
   61.9044 1.31725e-07
    64.427 1.14576e-07
   67.0127 8.75025e-08
   69.6631 5.62778e-08
   72.3797 3.82013e-08
   75.1643 3.73506e-08
   78.0185 4.31479e-08
    80.944 4.80375e-08
   83.9428 5.1149e-08
   87.0165 5.13834e-08
   90.1671 5.12103e-08
   93.3964 4.91658e-08
   96.7065 4.32834e-08
   100.099 4.02675e-08
   103.577 3.7423e-08
   107.142 3.33457e-08
   110.796 3.07712e-08
   114.541 3.27291e-08
    118.38 3.80632e-08
   122.314 3.82886e-08
   126.348 3.44416e-08
   130.482 3.24644e-08
   134.719 2.56788e-08
   139.063 1.42457e-08
   143.515 5.86371e-09
   148.078 1.37886e-09
   152.755 -3.52808e-09
    157.55 -8.07103e-09
   162.464 -1.08217e-08
   167.501 -1.15253e-08
   172.664 -2.75254e-09
   177.957 6.58961e-09
   183.381 8.52669e-09
   188.941 1.59302e-08
   194.641 2.1625e-08
   200.482 1.82353e-08
    206.47 1.52068e-08
   212.608 1.54644e-08
   218.899 1.51877e-08
   225.347 1.49172e-08
   231.957 1.23086e-08
   238.732 6.1852e-09
   245.676 5.36298e-09
   252.794 8.94682e-09
    260.09 7.13036e-09
   267.568 3.07794e-09
   275.234 2.06963e-09
   283.091 4.60782e-09
   291.144 9.19248e-09
   299.399 1.24701e-08
   307.861  1.421e-08
   316.533 1.52825e-08
   325.423 1.24961e-08
   334.535 1.33487e-08
   343.875 1.70562e-08
   353.449 1.9023e-08
   363.261 1.97158e-08
    373.32 1.84025e-08
   383.629 1.85781e-08
