  0.487339 6.54362e-05
    1.4742 5.96651e-05
   2.48574 5.55979e-05
   3.52258 5.16065e-05
   4.58534 4.77933e-05
   5.67468 4.49463e-05
   6.79126 4.3447e-05
   7.93575 4.3028e-05
   9.10887 4.31211e-05
   10.3113 4.32193e-05
   11.5438 4.30269e-05
   12.8072 4.24449e-05
   14.1021 4.14954e-05
   15.4294 4.02532e-05
   16.7899 3.88004e-05
   18.1844 3.72079e-05
   19.6138 3.55361e-05
    21.079 3.38375e-05
   22.5807 3.21529e-05
     24.12 3.05083e-05
   25.6979 2.89192e-05
   27.3151 2.73941e-05
   28.9728 2.59373e-05
    30.672 2.45543e-05
   32.4136 2.32485e-05
   34.1988 2.20155e-05
   36.0287 2.08459e-05
   37.9043 1.97357e-05
   39.8268 1.86874e-05
   41.7973 1.77003e-05
   43.8172  1.677e-05
   45.8875 1.58933e-05
   48.0096 1.50681e-05
   50.1848 1.42897e-05
   52.4144 1.35544e-05
   54.6997 1.28599e-05
   57.0422 1.22071e-05
   59.4433 1.1598e-05
   61.9044 1.10303e-05
    64.427 1.04973e-05
   67.0127 9.99267e-06
   69.6631 9.51721e-06
   72.3797 9.07341e-06
   75.1643 8.65779e-06
   78.0185 8.2637e-06
    80.944 7.88732e-06
   83.9428 7.52851e-06
   87.0165 7.18917e-06
   90.1671 6.8706e-06
   93.3964 6.56936e-06
   96.7065 6.2811e-06
   100.099 6.00472e-06
   103.577 5.7382e-06
   107.142 5.4817e-06
   110.796 5.23728e-06
   114.541 5.00621e-06
    118.38 4.78568e-06
   122.314 4.57132e-06
   126.348 4.3637e-06
   130.482 4.16609e-06
   134.719 3.97521e-06
   139.063 3.78849e-06
   143.515 3.60882e-06
   148.078 3.4371e-06
   152.755 3.27269e-06
    157.55 3.11652e-06
   162.464 2.96862e-06
   167.501 2.82775e-06
   172.664 2.69317e-06
   177.957 2.56238e-06
   183.381 2.43806e-06
   188.941 2.32359e-06
   194.641 2.21447e-06
   200.482 2.10764e-06
    206.47 2.00448e-06
   212.608 1.90517e-06
   218.899 1.80951e-06
   225.347 1.71864e-06
   231.957 1.6326e-06
   238.732 1.55027e-06
   245.676 1.47113e-06
   252.794 1.39418e-06
    260.09 1.31816e-06
   267.568 1.24375e-06
   275.234 1.17373e-06
   283.091 1.10948e-06
   291.144 1.04934e-06
   299.399 9.92197e-07
   307.861 9.3735e-07
   316.533 8.85955e-07
   325.423 8.40736e-07
   334.535 8.02856e-07
   343.875 7.69239e-07
   353.449 7.39431e-07
   363.261 7.15618e-07
    373.32 6.99102e-07
   383.629 6.90045e-07
