  0.487339 2.47629e-08
    1.4742 1.03373e-06
   2.48574 5.04063e-06
   3.52258 1.35745e-05
   4.58534 2.64374e-05
   5.67468 4.17107e-05
   6.79126 5.67271e-05
   7.93575 6.92089e-05
   9.10887 7.78997e-05
   10.3113 8.25803e-05
   11.5438 8.37364e-05
   12.8072 8.21726e-05
   14.1021 7.87315e-05
   15.4294 7.41426e-05
   16.7899 6.89695e-05
   18.1844 6.36135e-05
   19.6138 5.83404e-05
    21.079 5.33147e-05
   22.5807 4.86294e-05
     24.12 4.43292e-05
   25.6979 4.04261e-05
   27.3151 3.69104e-05
   28.9728 3.37608e-05
    30.672 3.09514e-05
   32.4136 2.84529e-05
   34.1988 2.62316e-05
   36.0287 2.42535e-05
   37.9043 2.24879e-05
   39.8268 2.09075e-05
   41.7973 1.94864e-05
   43.8172 1.82026e-05
   45.8875 1.70403e-05
   48.0096 1.59863e-05
   50.1848 1.50263e-05
   52.4144 1.41461e-05
   54.6997 1.33366e-05
   57.0422 1.25949e-05
   59.4433 1.19193e-05
   61.9044 1.13042e-05
    64.427 1.07405e-05
   67.0127 1.02206e-05
   69.6631 9.74121e-06
   72.3797 9.30063e-06
   75.1643 8.89326e-06
   78.0185 8.51142e-06
    80.944 8.14969e-06
   83.9428 7.80474e-06
   87.0165 7.47612e-06
   90.1671 7.16769e-06
   93.3964 6.88441e-06
   96.7065 6.62643e-06
   100.099 6.38685e-06
   103.577 6.15676e-06
   107.142 5.92912e-06
   110.796 5.70018e-06
   114.541 5.47252e-06
    118.38 5.25049e-06
   122.314 5.03546e-06
   126.348 4.82616e-06
   130.482 4.61891e-06
   134.719 4.40997e-06
   139.063 4.1999e-06
   143.515 3.99351e-06
   148.078 3.79434e-06
   152.755 3.60195e-06
    157.55 3.41514e-06
   162.464 3.23375e-06
   167.501 3.05859e-06
   172.664 2.88895e-06
   177.957 2.72243e-06
   183.381 2.55888e-06
   188.941 2.39932e-06
   194.641 2.24357e-06
   200.482 2.09248e-06
    206.47 1.94946e-06
   212.608 1.81582e-06
   218.899 1.69226e-06
   225.347 1.58034e-06
   231.957 1.47664e-06
   238.732 1.37602e-06
   245.676 1.27771e-06
   252.794 1.17904e-06
    260.09 1.07911e-06
   267.568 9.79404e-07
   275.234 8.79343e-07
   283.091 7.79729e-07
   291.144 6.82715e-07
   299.399 5.87369e-07
   307.861 4.96002e-07
   316.533 4.13472e-07
   325.423 3.41385e-07
   334.535 2.8153e-07
   343.875 2.29083e-07
   353.449 1.79474e-07
   363.261 1.37808e-07
    373.32 1.09648e-07
   383.629 9.55696e-08
