  0.487339 -2.14468e-07
    1.4742 -1.6341e-06
   2.48574 -5.29656e-06
   3.52258 -1.0153e-05
   4.58534 -1.31814e-05
   5.67468 -1.19971e-05
   6.79126 -6.60901e-06
   7.93575 1.10418e-06
   9.10887 8.8894e-06
   10.3113 1.51578e-05
   11.5438 1.92369e-05
   12.8072 2.11538e-05
   14.1021 2.13086e-05
   15.4294 2.02164e-05
   16.7899 1.83545e-05
   18.1844 1.60951e-05
   19.6138 1.3703e-05
    21.079 1.13592e-05
   22.5807 9.17863e-06
     24.12 7.22011e-06
   25.6979 5.50567e-06
   27.3151 4.03535e-06
   28.9728 2.79576e-06
    30.672 1.77201e-06
   32.4136 9.50318e-07
   34.1988 3.08744e-07
   36.0287 -1.90066e-07
   37.9043 -5.79355e-07
   39.8268 -8.73895e-07
   41.7973 -1.09147e-06
   43.8172 -1.26208e-06
   45.8875 -1.40769e-06
   48.0096 -1.52937e-06
   50.1848 -1.61855e-06
   52.4144 -1.67738e-06
   54.6997 -1.71439e-06
   57.0422 -1.73033e-06
   59.4433 -1.72143e-06
   61.9044 -1.68661e-06
    64.427 -1.63849e-06
   67.0127 -1.59691e-06
   69.6631 -1.56755e-06
   72.3797 -1.53951e-06
   75.1643 -1.49823e-06
   78.0185 -1.44236e-06
    80.944 -1.38136e-06
   83.9428 -1.32405e-06
   87.0165 -1.27739e-06
   90.1671 -1.23412e-06
   93.3964 -1.18451e-06
   96.7065 -1.12546e-06
   100.099 -1.05559e-06
   103.577 -9.82771e-07
   107.142 -9.11214e-07
   110.796 -8.39143e-07
   114.541 -7.68594e-07
    118.38 -6.95188e-07
   122.314 -6.1761e-07
   126.348 -5.42329e-07
   130.482 -4.74447e-07
   134.719 -4.21612e-07
   139.063 -3.88854e-07
   143.515 -3.68727e-07
   148.078 -3.52252e-07
   152.755 -3.35204e-07
    157.55 -3.18078e-07
   162.464 -3.12484e-07
   167.501 -3.15993e-07
   172.664 -3.14124e-07
   177.957 -3.0794e-07
   183.381 -3.07199e-07
   188.941 -3.07512e-07
   194.641 -3.15322e-07
   200.482 -3.4604e-07
    206.47 -3.91598e-07
   212.608 -4.27789e-07
   218.899 -4.41568e-07
   225.347 -4.45344e-07
   231.957 -4.4616e-07
   238.732 -4.43753e-07
   245.676 -4.35674e-07
   252.794 -4.24561e-07
    260.09 -4.26037e-07
   267.568 -4.36972e-07
   275.234 -4.51062e-07
   283.091 -4.66579e-07
   291.144 -4.74092e-07
   299.399 -4.72316e-07
   307.861 -4.65135e-07
   316.533 -4.51941e-07
   325.423 -4.41214e-07
   334.535 -4.35343e-07
   343.875 -4.29976e-07
   353.449 -4.3289e-07
   363.261 -4.42906e-07
    373.32 -4.60733e-07
   383.629 -4.76924e-07
