  0.487339   0.487339
    1.4742    1.47082
   2.48574     2.4696
   3.52258    3.47191
   4.58534    4.46101
   5.67468    5.41852
   6.79126    6.32801
   7.93575    7.17745
   9.10887    7.95994
   10.3113    8.67332
   11.5438    9.31902
   12.8072    9.90086
   14.1021     10.424
   15.4294    10.8943
   16.7899    11.3174
   18.1844    11.6989
   19.6138    12.0438
    21.079    12.3566
   22.5807    12.6413
     24.12    12.9015
   25.6979    13.1402
   27.3151    13.3601
   28.9728    13.5636
    30.672    13.7527
   32.4136    13.9293
   34.1988     14.095
   36.0287    14.2512
   37.9043    14.3991
   39.8268    14.5397
   41.7973    14.6738
   43.8172    14.8022
   45.8875    14.9255
   48.0096    15.0443
   50.1848     15.159
   52.4144      15.27
   54.6997    15.3778
   57.0422    15.4824
   59.4433    15.5844
   61.9044     15.684
    64.427    15.7815
   67.0127    15.8772
   69.6631    15.9714
   72.3797    16.0641
   75.1643    16.1558
   78.0185    16.2467
    80.944    16.3367
   83.9428     16.426
   87.0165    16.5147
   90.1671    16.6028
   93.3964    16.6905
   96.7065     16.778
   100.099    16.8656
   103.577    16.9534
   107.142    17.0413
   110.796    17.1294
   114.541    17.2174
    118.38    17.3054
   122.314    17.3934
   126.348    17.4813
   130.482    17.5692
   134.719    17.6569
   139.063     17.744
   143.515    17.8305
   148.078    17.9163
   152.755    18.0015
    157.55    18.0862
   162.464    18.1703
   167.501     18.254
   172.664    18.3375
   177.957    18.4207
   183.381    18.5036
   188.941    18.5862
   194.641    18.6683
   200.482    18.7495
    206.47    18.8298
   212.608    18.9091
   218.899    18.9875
   225.347    19.0651
   231.957    19.1419
   238.732    19.2181
   245.676    19.2936
   252.794    19.3681
    260.09    19.4413
   267.568    19.5128
   275.234    19.5825
   283.091    19.6499
   291.144    19.7143
   299.399    19.7755
   307.861    19.8327
   316.533    19.8851
   325.423    19.9318
   334.535    19.9726
   343.875    20.0085
   353.449     20.039
   363.261    20.0624
    373.32    20.0779
   383.629    20.0857
