  0.486293 4.64176e-05
   1.47104 5.32328e-05
   2.48041 4.08416e-05
   3.51502 2.33471e-05
    4.5755 3.92969e-06
    5.6625 -1.22436e-05
   6.77668 -2.21552e-05
   7.91872 -2.5831e-05
   9.08932 -2.50314e-05
   10.2892 -2.17961e-05
   11.5191 -1.76904e-05
   12.7797 -1.36541e-05
   14.0718 -1.01307e-05
   15.3963 -7.25307e-06
   16.7539 -5.00077e-06
   18.1454 -3.29963e-06
   19.5717 -2.0572e-06
   21.0337 -1.17255e-06
   22.5323 -5.53952e-07
   24.0683 -1.32973e-07
   25.6427 1.44518e-07
   27.2565 3.24954e-07
   28.9106 4.3611e-07
   30.6062 4.9371e-07
   32.3441 5.16596e-07
   34.1254 5.21692e-07
   35.9513 5.06799e-07
   37.8229 4.70281e-07
   39.7413 4.30342e-07
   41.7076 3.99653e-07
   43.7231 3.68975e-07
    45.789 3.32091e-07
   47.9066 2.94294e-07
   50.0771 2.59113e-07
   52.3019 2.27635e-07
   54.5823 1.96574e-07
   56.9198 1.65838e-07
   59.3157 1.42206e-07
   61.7715 1.31769e-07
   64.2887 1.24023e-07
   66.8688 1.03919e-07
   69.5135 7.54808e-08
   72.2243 5.65233e-08
   75.0029 5.4979e-08
    77.851 6.22492e-08
   80.7703 6.68814e-08
   83.7626 6.82732e-08
   86.8297 6.64041e-08
   89.9735 6.24069e-08
   93.1959 5.53002e-08
   96.4989 4.44517e-08
   99.8845 3.64625e-08
   103.355 3.06563e-08
   106.912 2.66067e-08
   110.558 2.65987e-08
   114.295 3.01163e-08
   118.126 3.6863e-08
   122.052 3.70428e-08
   126.076 2.85024e-08
   130.202 2.26093e-08
    134.43 1.65486e-08
   138.764 1.10014e-08
   143.207 7.89671e-09
    147.76 2.37524e-09
   152.427 -6.43767e-09
   157.212 -1.02891e-08
   162.115 -9.40404e-09
   167.142 -6.08681e-09
   172.294 5.68003e-09
   177.575 1.43934e-08
   182.988  1.302e-08
   188.536 1.44589e-08
   194.223 1.53319e-08
   200.052 1.1074e-08
   206.027 8.68309e-09
   212.152 1.08927e-08
   218.429 1.28538e-08
   224.864 1.25567e-08
   231.459 1.08794e-08
   238.219 3.88626e-09
   245.149 2.05048e-09
   252.251 7.05519e-09
   259.532 9.33508e-09
   266.994 6.2172e-09
   274.643 1.13458e-09
   282.483 1.03107e-09
   290.519 6.79564e-09
   298.757 1.23299e-08
     307.2 1.45938e-08
   315.854 1.6369e-08
   324.725 1.58356e-08
   333.817 1.56049e-08
   343.137 1.64315e-08
    352.69  1.944e-08
   362.482 2.32263e-08
   372.518 2.25696e-08
   382.806 2.15185e-08
