  0.486293 2.44582e-08
   1.47104 1.02072e-06
   2.48041 4.9779e-06
   3.51502 1.34234e-05
    4.5755   2.62e-05
    5.6625 4.14428e-05
   6.77668 5.65083e-05
   7.91872 6.90993e-05
   9.08932 7.79172e-05
   10.2892 8.27033e-05
   11.5191 8.3922e-05
   12.7797 8.23763e-05
   14.0718 7.8919e-05
   15.3963 7.42943e-05
   16.7539 6.90792e-05
   18.1454 6.36847e-05
   19.5717 5.8383e-05
   21.0337 5.33409e-05
   22.5323 4.8651e-05
   24.0683 4.43555e-05
   25.6427 4.04632e-05
   27.2565 3.69618e-05
   28.9106 3.38271e-05
   30.6062 3.10308e-05
   32.3441 2.85435e-05
   34.1254 2.63329e-05
   35.9513 2.43647e-05
   37.8229 2.26059e-05
   39.7413 2.10267e-05
   41.7076 1.96002e-05
   43.7231 1.83051e-05
    45.789 1.71272e-05
   47.9066 1.60566e-05
   50.0771 1.50827e-05
   52.3019 1.41931e-05
   54.5823 1.33773e-05
   56.9198  1.263e-05
   59.3157 1.1948e-05
   61.7715 1.13242e-05
   64.2887 1.07483e-05
   66.8688 1.02122e-05
   69.5135 9.71397e-06
   72.2243 9.25464e-06
   75.0029 8.83217e-06
    77.851 8.44087e-06
   80.7703 8.0749e-06
   83.7626 7.73025e-06
   86.8297 7.40726e-06
   89.9735 7.10863e-06
   93.1959 6.83427e-06
   96.4989 6.58037e-06
   99.8845 6.34118e-06
   103.355 6.11086e-06
   106.912 5.8843e-06
   110.558 5.6584e-06
   114.295 5.43464e-06
   118.126 5.21628e-06
   122.052 5.00441e-06
   126.076 4.79754e-06
   130.202 4.59379e-06
    134.43 4.39365e-06
   138.764 4.19997e-06
   143.207 4.01517e-06
    147.76 3.83778e-06
   152.427 3.66358e-06
   157.212 3.49077e-06
   162.115 3.32067e-06
   167.142 3.15594e-06
   172.294 2.9969e-06
   177.575 2.8417e-06
   182.988 2.6905e-06
   188.536 2.54371e-06
   194.223 2.39948e-06
   200.052 2.25689e-06
   206.027 2.11748e-06
   212.152 1.98358e-06
   218.429 1.86066e-06
   224.864 1.75252e-06
   231.459 1.65155e-06
   238.219 1.54766e-06
   245.149 1.43897e-06
   252.251 1.32484e-06
   259.532 1.20791e-06
   266.994 1.09262e-06
   274.643 9.79269e-07
   282.483 8.69089e-07
   290.519 7.63517e-07
   298.757 6.59977e-07
     307.2 5.5911e-07
   315.854 4.64413e-07
   324.725 3.78629e-07
   333.817 3.04704e-07
   343.137 2.40667e-07
    352.69 1.83267e-07
   362.482 1.35436e-07
   372.518 1.02388e-07
   382.806 8.55672e-08
