  0.486293 6.55671e-05
   1.47104 5.9873e-05
   2.48041 5.58438e-05
   3.51502 5.18666e-05
    4.5755 4.80258e-05
    5.6625 4.50988e-05
   6.77668 4.34889e-05
   7.91872 4.29648e-05
   9.08932 4.2984e-05
   10.2892 4.30471e-05
   11.5191 4.28521e-05
   12.7797 4.22877e-05
   14.0718 4.13649e-05
   15.3963 4.01512e-05
   16.7539 3.87264e-05
   18.1454 3.71612e-05
   19.5717 3.55155e-05
   21.0337 3.38406e-05
   22.5323 3.21755e-05
   24.0683 3.05456e-05
   25.6427 2.89661e-05
   27.2565 2.74476e-05
   28.9106 2.59954e-05
   30.6062 2.46129e-05
   32.3441 2.3304e-05
   34.1254 2.20684e-05
   35.9513 2.08988e-05
   37.8229 1.97896e-05
   39.7413 1.87415e-05
   41.7076 1.77521e-05
   43.7231 1.68156e-05
    45.789 1.59299e-05
   47.9066 1.50957e-05
   50.0771 1.43107e-05
   52.3019 1.35724e-05
   54.5823 1.28782e-05
   56.9198 1.2228e-05
   59.3157 1.16214e-05
   61.7715 1.10552e-05
   64.2887 1.05217e-05
   66.8688 1.00147e-05
   69.5135 9.53499e-06
   72.2243 9.08643e-06
   75.0029 8.66793e-06
    77.851 8.27331e-06
   80.7703 7.89682e-06
   83.7626 7.53855e-06
   86.8297 7.20154e-06
   89.9735 6.88666e-06
   93.1959 6.58956e-06
   96.4989 6.30527e-06
   99.8845 6.03342e-06
   103.355 5.77276e-06
   106.912 5.52295e-06
   110.558 5.28459e-06
   114.295 5.05745e-06
   118.126 4.8403e-06
   122.052 4.6298e-06
   126.076 4.4253e-06
   130.202 4.22999e-06
    134.43 4.04233e-06
   138.764 3.86138e-06
   143.207 3.68762e-06
    147.76 3.5206e-06
   152.427 3.36142e-06
   157.212 3.21056e-06
   162.115 3.0652e-06
   167.142 2.92462e-06
   172.294 2.79013e-06
   177.575 2.65898e-06
   182.988 2.53263e-06
   188.536 2.41484e-06
   194.223 2.30297e-06
   200.052 2.19494e-06
   206.027 2.0909e-06
   212.152 1.99107e-06
   218.429 1.89583e-06
   224.864 1.80403e-06
   231.459 1.71403e-06
   238.219 1.62506e-06
   245.149 1.53828e-06
   252.251 1.45439e-06
   259.532 1.37383e-06
   266.994 1.29526e-06
   274.643 1.21947e-06
   282.483 1.14947e-06
   290.519 1.08507e-06
   298.757 1.02424e-06
     307.2 9.65242e-07
   315.854 9.09557e-07
   324.725 8.60456e-07
   333.817 8.18127e-07
   343.137 7.80197e-07
    352.69 7.47142e-07
   362.482 7.21319e-07
   372.518 7.0364e-07
   382.806  6.944e-07
