  0.486293 -2.16001e-07
   1.47104 -1.6407e-06
   2.48041 -5.31843e-06
   3.51502 -1.02273e-05
    4.5755 -1.33685e-05
    5.6625 -1.23202e-05
   6.77668 -7.00768e-06
   7.91872 7.4759e-07
   9.08932 8.68888e-06
   10.2892 1.51792e-05
   11.5191 1.94857e-05
   12.7797 2.15885e-05
   14.0718 2.18633e-05
   15.3963 2.08223e-05
   16.7539 1.8954e-05
   18.1454 1.6648e-05
   19.5717 1.41849e-05
   21.0337 1.17572e-05
   22.5323 9.4878e-06
   24.0683 7.44298e-06
   25.6427 5.65117e-06
   27.2565 4.11942e-06
   28.9106 2.83788e-06
   30.6062 1.78619e-06
   32.3441 9.43535e-07
   34.1254 2.86955e-07
   35.9513 -2.19782e-07
   37.8229 -6.12976e-07
   39.7413 -9.11262e-07
   41.7076 -1.13189e-06
   43.7231 -1.30279e-06
    45.789 -1.44389e-06
   47.9066 -1.55882e-06
   50.0771 -1.64598e-06
   52.3019 -1.70889e-06
   54.5823 -1.75301e-06
   56.9198 -1.77703e-06
   59.3157 -1.77462e-06
   61.7715 -1.74418e-06
   64.2887 -1.69858e-06
   66.8688 -1.65575e-06
   69.5135 -1.62098e-06
   72.2243 -1.58492e-06
   75.0029 -1.53421e-06
    77.851 -1.4677e-06
   80.7703 -1.39624e-06
   83.7626 -1.32976e-06
   86.8297 -1.27362e-06
   89.9735 -1.21981e-06
   93.1959 -1.15691e-06
   96.4989 -1.08167e-06
   99.8845 -9.96587e-07
   103.355 -9.12168e-07
   106.912 -8.34583e-07
   110.558 -7.64322e-07
   114.295 -7.04261e-07
   118.126 -6.49061e-07
   122.052 -5.96138e-07
   126.076 -5.47685e-07
   130.202 -5.02308e-07
    134.43 -4.65097e-07
   138.764 -4.39238e-07
   143.207 -4.20523e-07
    147.76 -4.07814e-07
   152.427 -3.96733e-07
   157.212 -3.80709e-07
   162.115 -3.68784e-07
   167.142 -3.62583e-07
   172.294 -3.52193e-07
   177.575 -3.44028e-07
   182.988 -3.51008e-07
   188.536 -3.64624e-07
   194.223 -3.80497e-07
   200.052 -4.04819e-07
   206.027 -4.29117e-07
   212.152 -4.38372e-07
   218.429 -4.28072e-07
   224.864 -4.10838e-07
   231.459 -3.95665e-07
   238.219 -3.85864e-07
   245.149 -3.79248e-07
   252.251 -3.77016e-07
   259.532 -3.86855e-07
   266.994 -4.08204e-07
   274.643 -4.37925e-07
   282.483 -4.65922e-07
   290.519 -4.8033e-07
   298.757 -4.83292e-07
     307.2 -4.83447e-07
   315.854 -4.75313e-07
   324.725 -4.65808e-07
   333.817 -4.63217e-07
   343.137 -4.6384e-07
    352.69 -4.71153e-07
   362.482 -4.8356e-07
   372.518 -5.03784e-07
   382.806 -5.20035e-07
