  0.486293   0.486293
   1.47104    1.46768
   2.48041    2.46441
   3.51502    3.46487
    4.5755    4.45245
    5.6625    5.40885
   6.77668    6.31761
   7.91872    7.16655
   9.08932    7.94865
   10.2892    8.66158
   11.5191    9.30668
   12.7797    9.88775
   14.0718      10.41
   15.3963    10.8792
   16.7539    11.3012
   18.1454    11.6815
   19.5717    12.0252
   21.0337     12.337
   22.5323    12.6209
   24.0683    12.8804
   25.6427    13.1187
   27.2565    13.3384
   28.9106     13.542
   30.6062    13.7313
   32.3441    13.9084
   34.1254    14.0747
   35.9513    14.2315
   37.8229    14.3802
   39.7413    14.5217
   41.7076    14.6567
   43.7231     14.786
    45.789    14.9102
   47.9066    15.0297
   50.0771    15.1451
   52.3019    15.2568
   54.5823    15.3652
   56.9198    15.4707
   59.3157    15.5735
   61.7715     15.674
   64.2887    15.7724
   66.8688     15.869
   69.5135    15.9639
   72.2243    16.0573
   75.0029    16.1494
    77.851    16.2406
   80.7703    16.3309
   83.7626    16.4205
   86.8297    16.5094
   89.9735    16.5979
   93.1959    16.6861
   96.4989    16.7741
   99.8845    16.8622
   103.355    16.9505
   106.912    17.0388
   110.558    17.1272
   114.295    17.2155
   118.126    17.3036
   122.052    17.3916
   126.076    17.4795
   130.202     17.567
    134.43    17.6543
   138.764    17.7412
   143.207    17.8277
    147.76     17.914
   152.427         18
   157.212    18.0857
   162.115    18.1712
   167.142    18.2564
   172.294    18.3414
   177.575    18.4262
   182.988     18.511
   188.536    18.5956
   194.223    18.6801
   200.052    18.7642
   206.027    18.8476
   212.152    18.9305
   218.429    19.0128
   224.864    19.0949
   231.459    19.1771
   238.219    19.2591
   245.149    19.3407
   252.251    19.4216
   259.532    19.5011
   266.994     19.579
   274.643    19.6547
   282.483     19.728
   290.519    19.7982
   298.757    19.8653
     307.2    19.9287
   315.854    19.9877
   324.725    20.0412
   333.817    20.0891
   343.137    20.1314
    352.69    20.1676
   362.482    20.1963
   372.518    20.2157
   382.806    20.2254
