  0.490267 4.5957e-05
   1.48306 5.24732e-05
   2.50068 3.98169e-05
   3.54375 2.20915e-05
    4.6129 2.73413e-06
   5.70878 -1.30356e-05
   6.83206 -2.23801e-05
   7.98344 -2.55454e-05
    9.1636 -2.44217e-05
   10.3733 -2.10692e-05
   11.6132 -1.70009e-05
   12.8841 -1.30797e-05
   14.1868 -9.68243e-06
   15.5221 -6.90109e-06
   16.8908 -4.70527e-06
   18.2937 -3.03927e-06
   19.7317 -1.82988e-06
   21.2056 -9.80189e-07
   22.7164 -3.96975e-07
    24.265 -1.05581e-08
   25.8523 2.38465e-07
   27.4793 3.94368e-07
   29.1469 4.77138e-07
   30.8563 5.12078e-07
   32.6084 5.2923e-07
   34.4043 5.34331e-07
   36.2452 5.15217e-07
    38.132 4.78061e-07
   40.0661 4.39206e-07
   42.0485 4.02897e-07
   44.0805 3.64121e-07
   46.1633 3.2127e-07
   48.2981 2.79577e-07
   50.4864 2.40009e-07
   52.7294 2.05949e-07
   55.0284 1.74637e-07
    57.385 1.39016e-07
   59.8005 1.09032e-07
   62.2763 9.88721e-08
   64.8141 1.01399e-07
   67.4154 9.72326e-08
   70.0817 7.94837e-08
   72.8146 5.8056e-08
   75.6159 3.99001e-08
   78.4873 3.08828e-08
   81.4304 3.20947e-08
   84.4472 3.90837e-08
   87.5394 4.23104e-08
   90.7089 4.10306e-08
   93.9576 4.3429e-08
   97.2876 4.70499e-08
   100.701 4.64412e-08
     104.2 3.91417e-08
   107.786 2.88477e-08
   111.461 2.33564e-08
   115.229 2.70191e-08
   119.091 3.65441e-08
   123.049 3.98292e-08
   127.107 3.8533e-08
   131.266 4.34584e-08
   135.529 4.31803e-08
   139.898 3.09293e-08
   144.377 1.69367e-08
   148.968 6.51328e-09
   153.673 -9.06884e-09
   158.497 -1.65431e-08
    163.44 -5.71816e-09
   168.508 3.57952e-09
   173.702 9.94704e-09
   179.026 1.01235e-08
   184.483 7.25718e-09
   190.077 7.44482e-09
    195.81 3.78561e-09
   201.687 -5.00086e-10
   207.711   4.27e-09
   213.885 1.19033e-08
   220.214 1.72525e-08
   226.701 2.63632e-08
   233.351 2.48284e-08
   240.166 1.24948e-08
   247.152 9.10488e-09
   254.313 1.14284e-08
   261.653 1.10322e-08
   269.176 6.18734e-09
   276.888 1.69664e-09
   284.792 -8.71506e-11
   292.894 4.16708e-09
   301.198 9.17198e-09
    309.71 1.17952e-08
   318.435 1.33086e-08
   327.379 1.10007e-08
   336.545 1.25159e-08
   345.942 1.63902e-08
   355.572 1.59756e-08
   365.444 1.73315e-08
   375.563 1.55862e-08
   385.935 1.60776e-08
