  0.490267 6.5029e-05
   1.48306 5.92504e-05
   2.50068 5.51876e-05
   3.54375 5.12375e-05
    4.6129 4.75223e-05
   5.70878 4.4807e-05
   6.83206 4.34322e-05
   7.98344 4.31044e-05
    9.1636 4.32502e-05
   10.3733 4.33707e-05
   11.6132 4.31822e-05
   12.8841 4.25956e-05
   14.1868  4.164e-05
   15.5221 4.03937e-05
   16.8908 3.89387e-05
   18.2937 3.73406e-05
   19.7317 3.56559e-05
   21.2056 3.3938e-05
   22.7164 3.22305e-05
    24.265 3.05635e-05
   25.8523 2.89566e-05
   27.4793 2.74182e-05
   29.1469 2.59489e-05
   30.8563 2.45527e-05
   32.6084 2.32336e-05
   34.4043 2.1986e-05
   36.2452 2.08007e-05
    38.132 1.9676e-05
   40.0661 1.86121e-05
   42.0485 1.76065e-05
   44.0805 1.66587e-05
   46.1633 1.5769e-05
   48.2981 1.49347e-05
   50.4864 1.41482e-05
   52.7294 1.34066e-05
   55.0284 1.27081e-05
    57.385 1.20535e-05
   59.8005 1.14497e-05
   62.2763 1.08966e-05
   64.8141 1.03829e-05
   67.4154 9.89633e-06
   70.0817 9.43169e-06
   72.8146 8.99026e-06
   75.6159 8.57227e-06
   78.4873 8.17541e-06
   81.4304 7.7961e-06
   84.4472 7.43212e-06
   87.5394  7.083e-06
   90.7089 6.75239e-06
   93.9576 6.44254e-06
   97.2876 6.14947e-06
   100.701 5.86873e-06
     104.2 5.59821e-06
   107.786 5.33723e-06
   111.461 5.08732e-06
   115.229 4.85216e-06
   119.091 4.63255e-06
   123.049 4.42282e-06
   127.107 4.2201e-06
   131.266 4.0264e-06
   135.529 3.83662e-06
   139.898 3.64791e-06
   144.377 3.46371e-06
   148.968 3.28713e-06
   153.673 3.11795e-06
   158.497 2.96017e-06
    163.44 2.81427e-06
   168.508 2.67441e-06
   173.702 2.54053e-06
   179.026 2.41082e-06
   184.483 2.29037e-06
   190.077 2.18185e-06
    195.81 2.08055e-06
   201.687 1.98392e-06
   207.711 1.89136e-06
   213.885 1.80124e-06
   220.214 1.7145e-06
   226.701 1.63257e-06
   233.351 1.55239e-06
   240.166 1.47521e-06
   247.152 1.40445e-06
   254.313 1.33754e-06
   261.653 1.27393e-06
   269.176 1.21377e-06
   276.888 1.15942e-06
   284.792 1.11117e-06
   292.894 1.06446e-06
   301.198 1.01677e-06
    309.71 9.72267e-07
   318.435 9.33663e-07
   327.379   8.99e-07
   336.545 8.67289e-07
   345.942 8.3802e-07
   355.572 8.11412e-07
   365.444 7.90662e-07
   375.563 7.77378e-07
   385.935 7.70122e-07
