  0.490267 2.51631e-08
   1.48306 1.05227e-06
   2.50068 5.1267e-06
   3.54375 1.3769e-05
    4.6129 2.67221e-05
   5.70878 4.2008e-05
   6.83206 5.69438e-05
   7.98344 6.92781e-05
    9.1636 7.77988e-05
   10.3733 8.23241e-05
   11.6132 8.33593e-05
   12.8841 8.17119e-05
   14.1868 7.82174e-05
   15.5221 7.35971e-05
   16.8908 6.84099e-05
   18.2937 6.3056e-05
   19.7317 5.78015e-05
   21.2056 5.28091e-05
   22.7164 4.81682e-05
    24.265 4.39197e-05
   25.8523 4.00718e-05
   27.4793 3.66105e-05
   29.1469 3.35086e-05
   30.8563 3.07355e-05
   32.6084 2.82591e-05
   34.4043 2.60446e-05
   36.2452 2.4059e-05
    38.132 2.22758e-05
   40.0661 2.0673e-05
   42.0485 1.92296e-05
   44.0805 1.79286e-05
   46.1633 1.67583e-05
   48.2981 1.57068e-05
   50.4864 1.47551e-05
   52.7294 1.38827e-05
   55.0284 1.30772e-05
    57.385 1.23364e-05
   59.8005 1.16626e-05
   62.2763 1.10537e-05
   64.8141 1.05012e-05
   67.4154 9.99255e-06
   70.0817 9.51915e-06
   72.8146 9.07951e-06
   75.6159 8.67386e-06
   78.4873 8.29844e-06
   81.4304 7.94626e-06
   84.4472 7.60854e-06
   87.5394   7.28e-06
   90.7089 6.96586e-06
   93.9576 6.67644e-06
   97.2876 6.41376e-06
   100.701 6.16944e-06
     104.2 5.93431e-06
   107.786 5.70046e-06
   111.461 5.46279e-06
   115.229 5.22579e-06
   119.091 4.99802e-06
   123.049 4.78009e-06
   127.107 4.5657e-06
   131.266 4.3504e-06
   135.529 4.13448e-06
   139.898 3.91986e-06
   144.377 3.70764e-06
   148.968 3.49835e-06
   153.673 3.29581e-06
   158.497 3.10356e-06
    163.44 2.91962e-06
   168.508 2.74214e-06
   173.702 2.57058e-06
   179.026 2.40647e-06
   184.483 2.25196e-06
   190.077 2.10472e-06
    195.81 1.96126e-06
   201.687 1.82085e-06
   207.711 1.68389e-06
   213.885 1.55148e-06
   220.214 1.42628e-06
   226.701 1.30827e-06
   233.351 1.1954e-06
   240.166 1.09119e-06
   247.152 1.00348e-06
   254.313 9.29759e-07
   261.653 8.63163e-07
   269.176 7.97864e-07
   276.888 7.29212e-07
   284.792 6.57079e-07
   292.894 5.84278e-07
   301.198 5.10429e-07
    309.71 4.37679e-07
   318.435 3.71201e-07
   327.379 3.10694e-07
   336.545 2.57911e-07
   345.942 2.10563e-07
   355.572 1.6559e-07
   365.444 1.28423e-07
   375.563 1.01865e-07
   385.935 8.70855e-08
