  0.490267 -2.12467e-07
   1.48306 -1.61852e-06
   2.50068 -5.22941e-06
   3.54375 -9.98567e-06
    4.6129 -1.29404e-05
   5.70878 -1.18398e-05
   6.83206 -6.75393e-06
   7.98344 4.96933e-07
    9.1636 7.78092e-06
   10.3733 1.3619e-05
   11.6132 1.74016e-05
   12.8841 1.91727e-05
   14.1868 1.9317e-05
   15.5221 1.83214e-05
   16.8908 1.66321e-05
   18.2937 1.45885e-05
   19.7317 1.24258e-05
   21.2056 1.03061e-05
   22.7164 8.33151e-06
    24.265 6.55226e-06
   25.8523 4.98907e-06
   27.4793 3.64616e-06
   29.1469 2.51473e-06
   30.8563 1.58703e-06
   32.6084 8.57767e-07
   34.4043 3.04856e-07
   36.2452 -1.14594e-07
    38.132 -4.36401e-07
   40.0661 -6.77244e-07
   42.0485 -8.60228e-07
   44.0805 -1.01885e-06
   46.1633 -1.17331e-06
   48.2981 -1.32167e-06
   50.4864 -1.44674e-06
   52.7294 -1.53923e-06
   55.0284 -1.60476e-06
    57.385 -1.64773e-06
   59.8005 -1.66548e-06
   62.2763 -1.65449e-06
   64.8141 -1.62197e-06
   67.4154 -1.58578e-06
   70.0817 -1.55814e-06
   72.8146 -1.5359e-06
   75.6159 -1.50228e-06
   78.4873 -1.44157e-06
   81.4304 -1.35469e-06
   84.4472 -1.2562e-06
   87.5394 -1.17017e-06
   90.7089 -1.10193e-06
   93.9576 -1.03592e-06
   97.2876 -9.64293e-07
   100.701 -8.91381e-07
     104.2 -8.35418e-07
   107.786 -7.99227e-07
   111.461 -7.65568e-07
   115.229 -7.2859e-07
   119.091 -6.86919e-07
   123.049 -6.39204e-07
   127.107 -5.83337e-07
   131.266 -5.19122e-07
   135.529 -4.59411e-07
   139.898 -4.13377e-07
   144.377 -3.72924e-07
   148.968 -3.34493e-07
   153.673 -2.95275e-07
   158.497 -2.41202e-07
    163.44 -1.83749e-07
   168.508 -1.40881e-07
   173.702 -1.1167e-07
   179.026 -9.32751e-08
   184.483 -8.1825e-08
   190.077 -8.01912e-08
    195.81 -1.02171e-07
   201.687 -1.52365e-07
   207.711 -2.13868e-07
   213.885 -2.64412e-07
   220.214 -2.95432e-07
   226.701 -3.28244e-07
   233.351 -3.74628e-07
   240.166 -4.09704e-07
   247.152 -4.16451e-07
   254.313 -4.02679e-07
   261.653 -3.88618e-07
   269.176 -3.89479e-07
   276.888 -4.05998e-07
   284.792 -4.40772e-07
   292.894 -4.71325e-07
   301.198 -4.708e-07
    309.71 -4.45859e-07
   318.435 -4.12314e-07
   327.379 -3.89452e-07
   336.545 -3.72117e-07
   345.942 -3.6284e-07
   355.572 -3.75859e-07
   365.444 -4.02826e-07
   375.563 -4.43982e-07
   385.935 -4.80243e-07
