  0.490267   0.490267
   1.48306    1.47963
   2.50068    2.48428
   3.54375    3.49229
    4.6129    4.48673
   5.70878    5.44912
   6.83206      6.363
   7.98344    7.21633
    9.1636    8.00227
   10.3733    8.71868
   11.6132    9.36701
   12.8841    9.95109
   14.1868     10.476
   15.5221    10.9476
   16.8908    11.3715
   18.2937    11.7532
   19.7317    12.0979
   21.2056    12.4102
   22.7164    12.6941
    24.265    12.9532
   25.8523    13.1909
   27.4793    13.4098
   29.1469    13.6123
   30.8563    13.8006
   32.6084    13.9764
   34.4043    14.1412
   36.2452    14.2964
    38.132     14.443
   40.0661    14.5821
   42.0485    14.7145
   44.0805    14.8409
   46.1633     14.962
   48.2981    15.0784
   50.4864    15.1908
   52.7294    15.2994
   55.0284    15.4048
    57.385    15.5072
   59.8005    15.6069
   62.2763    15.7044
   64.8141    15.8001
   67.4154    15.8943
   70.0817    15.9871
   72.8146    16.0787
   75.6159    16.1695
   78.4873    16.2595
   81.4304     16.349
   84.4472     16.438
   87.5394    16.5264
   90.7089    16.6142
   93.9576    16.7013
   97.2876     16.788
   100.701    16.8747
     104.2    16.9613
   107.786     17.048
   111.461    17.1345
   115.229    17.2207
   119.091    17.3065
   123.049     17.392
   127.107    17.4772
   131.266    17.5621
   135.529    17.6465
   139.898    17.7302
   144.377     17.813
   148.968    17.8947
   153.673    17.9752
   158.497    18.0546
    163.44     18.133
   168.508    18.2105
   173.702    18.2873
   179.026    18.3634
   184.483    18.4388
   190.077    18.5137
    195.81    18.5878
   201.687     18.661
   207.711     18.733
   213.885    18.8035
   220.214    18.8724
   226.701    18.9397
   233.351    19.0053
   240.166     19.069
   247.152    19.1314
   254.313    19.1926
   261.653    19.2528
   269.176    19.3119
   276.888    19.3696
   284.792    19.4253
   292.894    19.4788
   301.198    19.5299
    309.71    19.5782
   318.435    19.6232
   327.379    19.6641
   336.545    19.7005
   345.942     19.733
   355.572    19.7609
   365.444    19.7821
   375.563    19.7964
   385.935    19.8039
