  0.356162 5.53305e-05
   1.07739 6.21291e-05
   1.81665 4.68786e-05
    2.5744 2.8074e-05
    3.3511 9.10198e-06
   4.14722 -6.07814e-06
   4.96325 -1.5733e-05
   5.79968 -2.02911e-05
   6.65703 -2.11798e-05
   7.53581 -1.98804e-05
   8.43657 -1.75156e-05
   9.35986 -1.48165e-05
   10.3062 -1.2201e-05
   11.2763 -9.87034e-06
   12.2706 -7.89426e-06
   13.2897 -6.26148e-06
   14.3344 -4.93352e-06
   15.4051 -3.86409e-06
   16.5026 -3.00952e-06
   17.6276 -2.3588e-06
   18.7807 -1.89381e-06
   19.9627 -1.59507e-06
   21.1742 -1.42667e-06
    22.416 -1.33352e-06
   23.6888 -1.30011e-06
   24.9935 -1.30053e-06
   26.3308 -1.32868e-06
   27.7015 -1.36219e-06
   29.1066 -1.38233e-06
   30.5467 -1.35282e-06
   32.0229 -1.25142e-06
   33.5359 -1.05821e-06
   35.0868 -7.9122e-07
   36.6765 -5.05978e-07
    38.306 -2.32902e-07
   39.9762 1.20024e-08
   41.6881 1.70059e-07
   43.4429 2.11246e-07
   45.2415 1.97663e-07
   47.0851 2.19867e-07
   48.9748 2.77448e-07
   50.9118 2.60043e-07
   52.8972 1.41318e-07
   54.9322 -1.22257e-08
   57.0182 -1.32429e-07
   59.1563 -1.76863e-07
   61.3478 -1.57584e-07
   63.5942 -9.57729e-08
   65.8967 7.0355e-09
   68.2568 1.71433e-07
   70.6759 3.66317e-07
   73.1555 5.00815e-07
   75.6972 5.10978e-07
   78.3023 4.42944e-07
   80.9727 3.71891e-07
   83.7097 3.23991e-07
   86.5153 2.55766e-07
    89.391 2.0373e-07
   92.3385 1.99844e-07
   95.3598 1.7262e-07
   98.4567 7.82487e-08
   101.631 2.80267e-08
   104.885 5.34173e-08
    108.22 6.86027e-08
   111.638 6.76317e-08
   115.142 4.55594e-08
   118.733 4.21762e-08
   122.415 5.41381e-08
   126.188 3.93443e-08
   130.056 -1.26577e-08
    134.02 -2.56125e-08
   138.084 -1.56952e-08
   142.249 -3.90789e-08
   146.518 -5.5416e-08
   150.895 -6.03562e-08
    155.38 -2.33621e-08
   159.978 1.89744e-08
    164.69 4.19454e-09
   169.521 -3.77624e-08
   174.472 -4.26328e-08
   179.547 -2.85178e-09
   184.749 -7.98492e-09
   190.081 -1.26534e-08
   195.547 -5.23463e-08
   201.149 -5.46033e-08
   206.891 -2.13634e-08
   212.777 2.71152e-08
    218.81 1.11204e-08
   224.993 -1.61983e-08
   231.332 1.18019e-08
   237.829 2.56373e-08
   244.488 2.7136e-08
   251.314 6.41327e-08
   258.311 4.03895e-08
   265.482 3.98782e-08
   272.833 5.74113e-08
   280.368 8.32041e-08
