  0.356162 1.26344e-08
   1.07739 4.65088e-07
   1.81665 2.17376e-06
    2.5744 5.59407e-06
    3.3511 1.0404e-05
   4.14722 1.5775e-05
   4.96325 2.08393e-05
   5.79968 2.50046e-05
   6.65703 2.80276e-05
   7.53581 2.99334e-05
   8.43657 3.08927e-05
   9.35986 3.11253e-05
   10.3062 3.08425e-05
   11.2763 3.02216e-05
   12.2706 2.93978e-05
   13.2897 2.84663e-05
   14.3344 2.74898e-05
   15.4051 2.65078e-05
   16.5026 2.55449e-05
   17.6276 2.46185e-05
   18.7807 2.37431e-05
   19.9627 2.29314e-05
   21.1742 2.21986e-05
    22.416 2.15606e-05
   23.6888 2.1034e-05
   24.9935 2.06316e-05
   26.3308 2.03589e-05
   27.7015 2.02126e-05
   29.1066 2.01784e-05
   30.5467 2.02265e-05
   32.0229 2.03151e-05
   33.5359 2.04022e-05
   35.0868 2.04638e-05
   36.6765 2.05051e-05
    38.306 2.05485e-05
   39.9762 2.06149e-05
   41.6881 2.07211e-05
   43.4429 2.08847e-05
   45.2415 2.11256e-05
   47.0851 2.1458e-05
   48.9748 2.1886e-05
   50.9118 2.24074e-05
   52.8972 2.30274e-05
   54.9322 2.37589e-05
   57.0182 2.4595e-05
   59.1563 2.54932e-05
   61.3478 2.6397e-05
   63.5942 2.72658e-05
   65.8967 2.80752e-05
   68.2568 2.87895e-05
   70.6759 2.93474e-05
   73.1555 2.97023e-05
   75.6972 2.98728e-05
   78.3023 2.99371e-05
   80.9727 2.99633e-05
   83.7097 2.99603e-05
   86.5153 2.99057e-05
    89.391 2.97992e-05
   92.3385 2.96661e-05
   95.3598 2.95391e-05
   98.4567 2.94666e-05
   101.631 2.9454e-05
   104.885 2.94363e-05
    108.22 2.9338e-05
   111.638 2.91388e-05
   115.142 2.88546e-05
   118.733 2.84791e-05
   122.415 2.79496e-05
   126.188 2.7276e-05
   130.056 2.65623e-05
    134.02 2.58702e-05
   138.084 2.51561e-05
   142.249 2.44255e-05
   146.518 2.36637e-05
   150.895 2.28462e-05
    155.38 2.19774e-05
   159.978 2.10564e-05
    164.69 2.00866e-05
   169.521 1.90421e-05
   174.472 1.79239e-05
   179.547 1.67445e-05
   184.749 1.54886e-05
   190.081 1.41608e-05
   195.547 1.28587e-05
   201.149 1.15336e-05
   206.891 1.02496e-05
   212.777 9.01066e-06
    218.81 7.74504e-06
   224.993 6.48317e-06
   231.332 5.27202e-06
   237.829 4.14733e-06
   244.488 3.12881e-06
   251.314 2.20857e-06
   258.311 1.4425e-06
   265.482 8.26015e-07
   272.833 3.80082e-07
   280.368 1.38683e-07
