  0.356162 7.86375e-05
   1.07739 7.03467e-05
   1.81665 6.34056e-05
    2.5744 5.60588e-05
    3.3511 4.85381e-05
   4.14722 4.17007e-05
   4.96325 3.6098e-05
   5.79968 3.18052e-05
   6.65703 2.86211e-05
   7.53581 2.62748e-05
   8.43657 2.45275e-05
   9.35986 2.31943e-05
   10.3062 2.21417e-05
   11.2763 2.12793e-05
   12.2706 2.05496e-05
   13.2897 1.99198e-05
   14.3344 1.93704e-05
   15.4051 1.88876e-05
   16.5026 1.84588e-05
   17.6276 1.80705e-05
   18.7807 1.77097e-05
   19.9627 1.73656e-05
   21.1742 1.70357e-05
    22.416 1.67274e-05
   23.6888 1.64498e-05
   24.9935 1.62078e-05
   26.3308 1.60007e-05
   27.7015 1.58239e-05
   29.1066 1.56745e-05
   30.5467 1.55507e-05
   32.0229 1.54497e-05
   33.5359 1.53719e-05
   35.0868 1.53185e-05
   36.6765 1.52883e-05
    38.306 1.52823e-05
   39.9762 1.52901e-05
   41.6881 1.52832e-05
   43.4429 1.52482e-05
   45.2415 1.52009e-05
   47.0851 1.51567e-05
   48.9748 1.51051e-05
   50.9118 1.50292e-05
   52.8972 1.49536e-05
   54.9322 1.49144e-05
   57.0182 1.49216e-05
   59.1563 1.4963e-05
   61.3478 1.50143e-05
   63.5942 1.50641e-05
   65.8967 1.51118e-05
   68.2568 1.51564e-05
   70.6759 1.51848e-05
   73.1555 1.51748e-05
   75.6972 1.51227e-05
   78.3023 1.50566e-05
   80.9727 1.5004e-05
   83.7097 1.49588e-05
   86.5153 1.48934e-05
    89.391  1.481e-05
   92.3385 1.47197e-05
   95.3598 1.46079e-05
   98.4567 1.44709e-05
   101.631 1.43453e-05
   104.885 1.42208e-05
    108.22 1.40614e-05
   111.638 1.38799e-05
   115.142 1.36749e-05
   118.733 1.34341e-05
   122.415 1.31641e-05
   126.188 1.2865e-05
   130.056 1.25427e-05
    134.02 1.22068e-05
   138.084 1.18526e-05
   142.249 1.14894e-05
   146.518 1.11013e-05
   150.895 1.06985e-05
    155.38 1.03082e-05
   159.978 9.89853e-06
    164.69 9.44203e-06
   169.521 8.95853e-06
   174.472 8.48494e-06
   179.547 8.01973e-06
   184.749 7.55284e-06
   190.081 7.09127e-06
   195.547 6.61892e-06
   201.149 6.14939e-06
   206.891 5.70666e-06
   212.777 5.26139e-06
    218.81 4.82863e-06
   224.993 4.43643e-06
   231.332 4.0794e-06
   237.829 3.74233e-06
   244.488 3.44066e-06
   251.314 3.16018e-06
   258.311 2.92267e-06
   265.482 2.73718e-06
   272.833 2.59853e-06
   280.368 2.51792e-06
