  0.356162 -4.35276e-07
   1.07739 -3.30931e-06
   1.81665 -1.09225e-05
    2.5744 -2.23779e-05
    3.3511 -3.39896e-05
   4.14722 -4.24984e-05
   4.96325 -4.66851e-05
   5.79968 -4.70477e-05
   6.65703 -4.48367e-05
   7.53581 -4.12974e-05
   8.43657 -3.73448e-05
   9.35986 -3.35354e-05
   10.3062 -3.01501e-05
   11.2763 -2.72885e-05
   12.2706 -2.49413e-05
   13.2897 -2.30365e-05
   14.3344 -2.14761e-05
   15.4051 -2.01634e-05
   16.5026 -1.90223e-05
   17.6276 -1.80016e-05
   18.7807 -1.70645e-05
   19.9627 -1.61744e-05
   21.1742 -1.52778e-05
    22.416 -1.43201e-05
   23.6888 -1.32679e-05
   24.9935 -1.21045e-05
   26.3308 -1.08279e-05
   27.7015 -9.46108e-06
   29.1066 -8.05135e-06
   30.5467 -6.67889e-06
   32.0229 -5.43978e-06
   33.5359 -4.39232e-06
   35.0868 -3.55118e-06
   36.6765 -2.89289e-06
    38.306 -2.36219e-06
   39.9762 -1.91065e-06
   41.6881 -1.51341e-06
   43.4429 -1.12486e-06
   45.2415 -6.52161e-07
   47.0851 1.25275e-08
   48.9748 9.07123e-07
   50.9118 1.94909e-06
   52.8972 3.07761e-06
   54.9322 4.32797e-06
   57.0182 5.73747e-06
   59.1563 7.29265e-06
   61.3478 8.91546e-06
   63.5942 1.05131e-05
   65.8967 1.20042e-05
   68.2568 1.33128e-05
   70.6759 1.43493e-05
   73.1555 1.50039e-05
   75.6972 1.52726e-05
   78.3023 1.52965e-05
   80.9727 1.5192e-05
   83.7097 1.50173e-05
   86.5153 1.47862e-05
    89.391 1.45482e-05
   92.3385 1.43987e-05
   95.3598 1.43365e-05
   98.4567 1.4301e-05
   101.631 1.42476e-05
   104.885 1.41832e-05
    108.22 1.40777e-05
   111.638 1.38189e-05
   115.142 1.34068e-05
   118.733 1.29827e-05
   122.415 1.25338e-05
   126.188 1.1972e-05
   130.056 1.12553e-05
    134.02 1.04688e-05
   138.084 9.73742e-06
   142.249 9.02569e-06
   146.518 8.35815e-06
   150.895 7.72047e-06
    155.38 7.08135e-06
   159.978 6.33564e-06
    164.69 5.39039e-06
   169.521 4.34728e-06
   174.472 3.42094e-06
   179.547 2.59887e-06
   184.749 1.58901e-06
   190.081 4.68634e-07
   195.547 -7.63439e-07
   201.149 -2.02303e-06
   206.891 -3.2292e-06
   212.777 -4.34015e-06
    218.81 -5.46969e-06
   224.993 -6.57226e-06
   231.332 -7.52755e-06
   237.829 -8.38347e-06
   244.488 -9.0251e-06
   251.314 -9.54965e-06
   258.311 -9.91954e-06
   265.482 -1.01112e-05
   272.833 -1.03396e-05
   280.368 -1.07051e-05
