  0.356162   0.356162
   1.07739    1.07534
   1.81665    1.80604
    2.5744    2.53871
    3.3511    3.26035
   4.14722    3.95792
   4.96325    4.62094
   5.79968    5.24271
   6.65703    5.82019
   7.53581    6.35322
   8.43657    6.84362
   9.35986    7.29431
   10.3062    7.70875
   11.2763    8.09055
   12.2706    8.44317
   13.2897    8.76984
   14.3344    9.07346
   15.4051    9.35669
   16.5026    9.62192
   17.6276    9.87139
   18.7807    10.1071
   19.9627    10.3311
   21.1742     10.545
    22.416    10.7505
   23.6888    10.9493
   24.9935    11.1429
   26.3308    11.3329
   27.7015    11.5207
   29.1066    11.7078
   30.5467    11.8956
   32.0229    12.0851
   33.5359     12.277
   35.0868    12.4716
   36.6765     12.669
    38.306    12.8692
   39.9762    13.0722
   41.6881     13.278
   43.4429    13.4869
   45.2415     13.699
   47.0851     13.915
   48.9748    14.1357
   50.9118    14.3619
   52.8972    14.5946
   54.9322    14.8352
   57.0182    15.0856
   59.1563    15.3475
   61.3478    15.6219
   63.5942    15.9093
   65.8967    16.2099
   68.2568    16.5234
   70.6759    16.8493
   73.1555    17.1857
   75.6972    17.5306
   78.3023    17.8821
   80.9727    18.2398
   83.7097     18.604
   86.5153    18.9744
    89.391    19.3508
   92.3385    19.7329
   95.3598    20.1209
   98.4567    20.5155
   101.631     20.918
   104.885    21.3296
    108.22    21.7501
   111.638    22.1786
   115.142     22.615
   118.733    23.0588
   122.415    23.5089
   126.188    23.9631
   130.056    24.4199
    134.02    24.8807
   138.084    25.3461
   142.249    25.8157
   146.518    26.2905
   150.895      26.77
    155.38    27.2529
   159.978    27.7385
    164.69    28.2269
   169.521    28.7168
   174.472    29.2061
   179.547    29.6925
   184.749    30.1735
   190.081     30.646
   195.547    31.1082
   201.149     31.559
   206.891    31.9962
   212.777    32.4199
    218.81    32.8274
   224.993    33.2123
   231.332    33.5727
   237.829    33.9034
   244.488    34.1996
   251.314    34.4594
   258.311    34.6762
   265.482    34.8478
   272.833    34.9702
   280.368    35.0351
