0.490202683055 0.189890055238
1.48286583263 0.217531971496
2.50035106166 0.169145648525
3.54327905965 0.100354881111
4.61228603685 0.0220348858444
5.70802411223 -0.0448972750244
6.83116171137 -0.0871242045451
7.98238397421 -0.103937097356
9.16239317295 -0.102245617384
10.3719091405 -0.0902470679548
11.6116697096 -0.074167817741
12.882431163 -0.0578069547969
14.1849686944 -0.0431957165121
15.5200768819 -0.0312174484653
16.8885701724 -0.0219413952721
18.2912833785 -0.0148936877689
19.7290721877 -0.00949262915299
21.2028136844 -0.00538383506006
22.7134068851 -0.00240392197146
24.2617732865 -0.000416933454951
25.848857428 0.000728224188809
27.4756274677 0.00126780462354
29.1430757729 0.00154589870029
30.8522195257 0.00171626546661
32.6041013432 0.00174437354063
34.399789914 0.00169022966737
36.2403806497 0.00166506393645
38.1269963532 0.00163072625456
40.0607879035 0.00148465083627
42.0429349586 0.00122443699402
44.0746466737 0.000973602323964
46.1571624403 0.000815172312636
48.2917526409 0.000612855830251
50.4797194251 0.000417247973374
52.7223975032 0.000441020796335
55.0211549609 0.000630512245322
57.377394093 0.000803436523648
59.7925522604 0.000888211745697
62.2681027653 0.000847088006066
64.8055557505 0.00066538609003
67.4064591215 0.000535548844664
70.0723994891 0.000477675274438
72.8050031391 0.000480898196963
75.6059370225 0.000537766301655
78.476909774 0.00053012505409
81.4196727534 0.000394073971853
84.4360211142 0.000291683761474
87.5277948987 0.000282928623727
90.6968801604 0.000232901005907
93.9452101147 0.000111380773032
97.2747663181 1.02608491873e-06
100.687579877 -3.23550620367e-06
104.185732686 3.48031865949e-05
107.7713587 3.50814905129e-05
111.446645234 2.81209459921e-06
115.213834297 2.53585016301e-05
119.075223962 0.000123880860505
123.033169766 0.000141520265601
127.090086148 -7.08276051011e-06
131.24844792 -0.000197415921847
135.510791779 -0.000254864791095
139.879717854 -0.000193776851834
144.357891291 -6.97330225966e-05
148.948043878 0.000158606714349
153.652975716 0.000257412805913
158.475556922 0.000217558872511
163.418729382 0.000187956872301
168.485508545 0.000181444609323
173.678985264 0.00011418791392
179.002327679 4.30186402279e-05
184.458783154 3.77392571237e-05
190.051680252 5.65337003298e-05
195.784430769 6.32813981632e-05
201.660531817 3.03922429098e-05
207.683567953 -6.42642451137e-05
213.857213367 -8.98650385165e-05
220.185234128 -0.000125399451534
226.671490473 -0.000167473117875
233.31993917 -0.000139218088967
240.134635925 4.38265590625e-05
247.119737862 0.000263041510761
254.279506055 0.00030148838057
261.618308127 0.000181126147528
269.140620918 2.32512302283e-05
276.851033213 -7.01490469347e-05
284.754248541 3.33922279258e-06
292.855088047 7.27023878058e-05
301.15849343 6.14110197551e-05
309.66952996 8.96315411875e-06
318.393389566 1.14320740583e-05
327.335394004 5.34195957556e-05
336.500998104 2.11955553873e-06
345.895793097 -4.73464564e-05
355.525510024 7.28134769077e-05
365.396023236 0.000175035856817
375.513353975 0.00019107761314
385.883674046 7.49651625891e-05
