0.490202683055 0.269558246531
1.48286583263 0.245717920181
2.50035106166 0.231720057171
3.54327905965 0.220380942051
4.61228603685 0.210913333265
5.70802411223 0.205399550639
6.83116171137 0.204703155767
7.98238397421 0.207346134857
9.16239317295 0.21084194061
10.3719091405 0.213183215831
11.6116697096 0.213365331405
12.882431163 0.211179475614
14.1849686944 0.206837710314
15.5200768819 0.200732732187
16.8885701724 0.193343827322
18.2912833785 0.185181670573
19.7290721877 0.176677954061
21.2028136844 0.16810430868
22.7134068851 0.159608317038
24.2617732865 0.151292814846
25.848857428 0.143243218179
27.4756274677 0.135544316645
29.1430757729 0.128292041608
30.8522195257 0.121511432646
32.6041013432 0.115150307721
34.399789914 0.109168817332
36.2403806497 0.103540161748
38.1269963532 0.0982127100676
40.0607879035 0.0931477676881
42.0429349586 0.0883537755905
44.0746466737 0.0838524659519
46.1571624403 0.0796246030328
48.2917526409 0.0755977993842
50.4797194251 0.0717576562081
52.7223975032 0.0681283427922
55.0211549609 0.0646716490779
57.377394093 0.061360048623
59.7925522604 0.05823183696
62.2681027653 0.0553153066249
64.8055557505 0.0526014997177
67.4064591215 0.0500952108627
70.0723994891 0.0477711327771
72.8050031391 0.0456208818531
75.6059370225 0.0436075439509
78.476909774 0.0416802385356
81.4196727534 0.0398485584715
84.4360211142 0.0381314850701
87.5277948987 0.0365152333696
90.6968801604 0.0349191644176
93.9452101147 0.0333211299856
97.2747663181 0.0317967694578
100.687579877 0.0304049605255
104.185732686 0.0291253992127
107.7713587 0.0279153325724
111.446645234 0.0267740742564
115.213834297 0.0257129027177
119.075223962 0.0247071853383
123.033169766 0.0237251518208
127.090086148 0.0227776093435
131.24844792 0.0219065064377
135.510791779 0.0211442262668
139.879717854 0.020445034323
144.357891291 0.0197282177686
148.948043878 0.0189999255481
153.652975716 0.0182331122863
158.475556922 0.0174176618342
163.418729382 0.0166142609806
168.485508545 0.0158631909293
173.678985264 0.015162960282
179.002327679 0.0145177543284
184.458783154 0.0139292115651
190.051680252 0.0133847075352
195.784430769 0.0128720058997
201.660531817 0.0123513325375
207.683567953 0.011801367158
213.857213367 0.0112812301903
220.185234128 0.0107821335038
226.671490473 0.0103010382243
233.31993917 0.00985210511177
240.134635925 0.00948987673798
247.119737862 0.00916687557428
254.279506055 0.00879328920245
261.618308127 0.00837344928205
269.140620918 0.00797608727736
276.851033213 0.00765038655498
284.754248541 0.0073834475653
292.855088047 0.00711338535817
301.15849343 0.00683427989623
309.66952996 0.0065818100601
318.393389566 0.00634337300449
327.335394004 0.00612801145735
336.500998104 0.00596242040643
345.895793097 0.00580007165459
355.525510024 0.00567148343429
365.396023236 0.00559248077513
375.513353975 0.00554726617664
385.883674046 0.00549897400932
