0.490202683055 0.000114194399951
1.48286583263 0.00476930158186
2.50035106166 0.0234301824822
3.54327905965 0.0631314285274
4.61228603685 0.122574091652
5.70802411223 0.192529589709
6.83116171137 0.260757385718
7.98238397421 0.317195965895
9.16239317295 0.35653420701
10.3719091405 0.378015751924
11.6116697096 0.383869050965
12.882431163 0.377665032818
14.1849686944 0.363159556832
15.5200768819 0.343640396694
16.8885701724 0.32165001396
18.2912833785 0.298956007279
19.7290721877 0.276646085345
21.2028136844 0.255286161577
22.7134068851 0.235114130514
24.2617732865 0.216220986994
25.848857428 0.198654614107
27.4756274677 0.182441625297
29.1430757729 0.167593592883
30.8522195257 0.154120449027
32.6041013432 0.142011173807
34.399789914 0.131189080255
36.2403806497 0.121510131956
38.1269963532 0.112836067176
40.0607879035 0.105092991971
42.0429349586 0.0982393378483
44.0746466737 0.0921729105634
46.1571624403 0.0867035719021
48.2917526409 0.0816612365204
50.4797194251 0.0769518107202
52.7223975032 0.0725065835948
55.0211549609 0.0682663141481
57.377394093 0.0642376240091
59.7925522604 0.0604793477698
62.2681027653 0.0570257847587
64.8055557505 0.0538901527107
67.4064591215 0.051049979842
70.0723994891 0.0484404714738
72.8050031391 0.0459902748874
75.6059370225 0.0436752496156
78.476909774 0.0415342767364
81.4196727534 0.0396209454765
84.4360211142 0.0379023338549
87.5277948987 0.0362705179468
90.6968801604 0.0345976057954
93.9452101147 0.0328331767617
97.2747663181 0.031061677226
100.687579877 0.0294089437442
104.185732686 0.0279630444307
107.7713587 0.0267175123554
111.446645234 0.0255796488689
115.213834297 0.02449495054
119.075223962 0.0234911588027
123.033169766 0.0225765124585
127.090086148 0.0217385880585
131.24844792 0.0209811823508
135.510791779 0.0202763024525
139.879717854 0.0195512972074
144.357891291 0.0187340567979
148.948043878 0.0178399748128
153.652975716 0.0169831159442
158.475556922 0.0162023969675
163.418729382 0.015440928887
168.485508545 0.0146695023588
173.678985264 0.0139112791249
179.002327679 0.0131276412006
184.458783154 0.0123346227053
190.051680252 0.0116180453996
195.784430769 0.0110024944981
201.660531817 0.0104929285653
207.683567953 0.0100735309903
213.857213367 0.00962530103608
220.185234128 0.00905473768035
226.671490473 0.00839619392064
233.31993917 0.00777228187519
240.134635925 0.0072084320972
247.119737862 0.00660751719661
254.279506055 0.00584565904088
261.618308127 0.00497796605628
269.140620918 0.00416515281802
276.851033213 0.0035065412316
284.754248541 0.00305673202157
292.855088047 0.00280141105949
301.15849343 0.00265603968989
309.66952996 0.00250915097548
318.393389566 0.00231403496371
327.335394004 0.00208736578688
336.500998104 0.00191759275602
345.895793097 0.00183683328822
355.525510024 0.0017006730253
365.396023236 0.00147630865202
375.513353975 0.00121734863982
385.883674046 0.00109687699239
