0.490202683055 0.0115130752565
1.48286583263 0.0208936602056
2.50035106166 0.0229341679134
3.54327905965 0.0217019063497
4.61228603685 0.0191600329742
5.70802411223 0.0161689957888
6.83116171137 0.0130517894413
7.98238397421 0.00989753137609
9.16239317295 0.00675980714281
10.3719091405 0.00373642087226
11.6116697096 0.000953748585334
12.882431163 -0.00147992395181
14.1849686944 -0.00350349544979
15.5200768819 -0.005104600036
16.8885701724 -0.00631006984234
18.2912833785 -0.007166609171
19.7290721877 -0.00771822979345
21.2028136844 -0.00800875418002
22.7134068851 -0.00809167320647
24.2617732865 -0.00802138777202
25.848857428 -0.00783045794714
27.4756274677 -0.00751779748297
29.1430757729 -0.00707163618388
30.8522195257 -0.00650892109027
32.6041013432 -0.0058805074007
34.399789914 -0.00524370101556
36.2403806497 -0.00465467793305
38.1269963532 -0.00417431243967
40.0607879035 -0.00383773160455
42.0429349586 -0.00363895864874
44.0746466737 -0.00355406780988
46.1571624403 -0.00355345077737
48.2917526409 -0.00360438189775
50.4797194251 -0.00366905520319
52.7223975032 -0.00372436994801
55.0211549609 -0.0037330637802
57.377394093 -0.0036129484251
59.7925522604 -0.00330803816266
62.2681027653 -0.00282837346507
64.8055557505 -0.00222583763937
67.4064591215 -0.0015610991728
70.0723994891 -0.000887731096878
72.8050031391 -0.000266456240054
75.6059370225 0.000220404790992
78.476909774 0.000564230549399
81.4196727534 0.000845758731336
84.4360211142 0.00108240032001
87.5277948987 0.00118463126318
90.6968801604 0.00107107913074
93.9452101147 0.000819577871352
97.2747663181 0.00056024588151
100.687579877 0.000387307273416
104.185732686 0.000327619885659
107.7713587 0.000317091155836
111.446645234 0.000254944530372
115.213834297 6.92169498313e-05
119.075223962 -0.000248103972628
123.033169766 -0.000629996523885
127.090086148 -0.00095935485752
131.24844792 -0.0010978318828
135.510791779 -0.0010005062536
139.879717854 -0.000840334148979
144.357891291 -0.000826404464748
148.948043878 -0.000961022531462
153.652975716 -0.00114568114554
158.475556922 -0.00133694219799
163.418729382 -0.00150010901795
168.485508545 -0.00162468298974
173.678985264 -0.00173538127251
179.002327679 -0.00182609219943
184.458783154 -0.00188097569089
190.051680252 -0.00189649647907
195.784430769 -0.00178326033671
201.660531817 -0.00148601543543
207.683567953 -0.00116178786326
213.857213367 -0.000910190960677
220.185234128 -0.00069223870168
226.671490473 -0.000466727104897
233.31993917 -0.000291501149712
240.134635925 -0.000104664293758
247.119737862 7.55545760301e-05
254.279506055 0.000143062483196
261.618308127 0.000141881924056
269.140620918 0.00012693787957
276.851033213 9.13804971209e-05
284.754248541 0.000108059243668
292.855088047 -3.42220754798e-06
301.15849343 -0.000284519651518
309.66952996 -0.000558764039501
318.393389566 -0.00076216292053
327.335394004 -0.000860671712201
336.500998104 -0.000812936755798
345.895793097 -0.000751869973016
355.525510024 -0.00071724093936
365.396023236 -0.000564376865511
375.513353975 -0.000355040332414
385.883674046 -0.000261882632362
