0.490202683055 -0.000450762576476
1.48286583263 -0.00368889692631
2.50035106166 -0.0126505910389
3.54327905965 -0.025666730248
4.61228603685 -0.0356744751845
5.70802411223 -0.0362017830476
6.83116171137 -0.0263840017408
7.98238397421 -0.010261207659
9.16239317295 0.00692869310626
10.3719091405 0.0215126083585
11.6116697096 0.0320413222111
12.882431163 0.038624628579
14.1849686944 0.0419977327115
15.5200768819 0.0429357950164
16.8885701724 0.0421137546623
18.2912833785 0.040167909201
19.7290721877 0.0376496542258
21.2028136844 0.0348512752224
22.7134068851 0.0317604085205
24.2617732865 0.0282459063511
25.848857428 0.0242531652787
27.4756274677 0.0198809924611
29.1430757729 0.0153758805644
30.8522195257 0.0110283402342
32.6041013432 0.00713492923115
34.399789914 0.00396271787693
36.2403806497 0.00161292599952
38.1269963532 -2.85725500089e-05
40.0607879035 -0.00116633922005
42.0429349586 -0.00195112572872
44.0746466737 -0.0024724432697
46.1571624403 -0.00282557347087
48.2917526409 -0.00311424068144
50.4797194251 -0.00337240598527
52.7223975032 -0.00370545174562
55.0211549609 -0.00424238156442
57.377394093 -0.00490634589823
59.7925522604 -0.00553723764764
62.2681027653 -0.00604869292989
64.8055557505 -0.00633390210958
67.4064591215 -0.00631105640691
70.0723994891 -0.00606410928624
72.8050031391 -0.00567872348812
75.6059370225 -0.00517864326041
78.476909774 -0.00454040519396
81.4196727534 -0.0037739050489
84.4360211142 -0.00289292879235
87.5277948987 -0.00214494518507
90.6968801604 -0.00182495443697
93.9452101147 -0.00177037092489
97.2747663181 -0.00159897270907
100.687579877 -0.00110887279339
104.185732686 -0.000476302632792
107.7713587 2.40122922186e-05
111.446645234 0.000282899922585
115.213834297 0.000415135326044
119.075223962 0.000482003577951
123.033169766 0.00032594505777
127.090086148 -7.13100064384e-05
131.24844792 -0.000447063398004
135.510791779 -0.000501709107442
139.879717854 -0.000270501171665
144.357891291 2.75072132265e-05
148.948043878 0.000331442123809
153.652975716 0.000502617489554
158.475556922 0.000275729876096
163.418729382 -0.000428834832789
168.485508545 -0.00133415907084
173.678985264 -0.00194363748673
179.002327679 -0.00204519126119
184.458783154 -0.00183006860523
190.051680252 -0.00154338869332
195.784430769 -0.00127594127015
201.660531817 -0.00101359672288
207.683567953 -0.000682955391951
213.857213367 -0.000231036418372
220.185234128 0.000171736627739
226.671490473 0.000524672223804
233.31993917 0.000841563743129
240.134635925 0.00110845226171
247.119737862 0.00121507640158
254.279506055 0.000787410785843
261.618308127 0.000157337413401
269.140620918 -0.00028631490431
276.851033213 -0.000721564690781
284.754248541 -0.00101791338085
292.855088047 -0.00123842922924
301.15849343 -0.00157989663447
309.66952996 -0.00185546813549
318.393389566 -0.00209077638101
327.335394004 -0.00231158457871
336.500998104 -0.00244436738202
345.895793097 -0.00258302923088
355.525510024 -0.00276202997657
365.396023236 -0.00300427298331
375.513353975 -0.00319722117294
385.883674046 -0.00328062780435
