0.490202683055 0.490202683055
1.48286583263 1.47942885465
2.50035106166 2.48424733438
3.54327905965 3.49344592191
4.61228603685 4.49091537632
5.70802411223 5.45863127016
6.83116171137 6.38009194189
7.98238397421 7.24280812369
9.16239317295 8.03927843803
10.3719091405 8.76668702559
11.6116697096 9.42591042471
12.882431163 10.0203593535
14.1849686944 10.5549524655
15.5200768819 11.0353253307
16.8885701724 11.4672704672
18.2912833785 11.8563609441
19.7290721877 12.2077136169
21.2028136844 12.5258741841
22.7134068851 12.8148099996
24.2617732865 13.077990554
25.848857428 13.3185100519
27.4756274677 13.5391718388
29.1430757729 13.7425147526
30.8522195257 13.9308198359
32.6041013432 14.1061102788
34.399789914 14.2701411219
36.2403806497 14.4243840217
38.1269963532 14.5700137732
40.0607879035 14.7079790576
42.0429349586 14.8391789717
44.0746466737 14.9645622382
46.1571624403 15.0850039492
48.2917526409 15.2011227623
50.4797194251 15.3133123289
52.7223975032 15.4219079407
55.0211549609 15.5272240233
57.377394093 15.6295525305
59.7925522604 15.7292160019
62.2681027653 15.8265389172
64.8055557505 15.9217738616
67.4064591215 16.0151094723
70.0723994891 16.106639453
72.8050031391 16.1964089107
75.6059370225 16.2845140196
78.476909774 16.3711246977
81.4196727534 16.4565437698
84.4360211142 16.5412099793
87.5277948987 16.625421429
90.6968801604 16.7091597606
93.9452101147 16.792151297
97.2747663181 16.8740736634
100.687579877 16.9547776336
104.185732686 17.0342714827
107.7713587 17.1127261199
111.446645234 17.190391274
115.213834297 17.2675130287
119.075223962 17.3443236003
123.033169766 17.4209357215
127.090086148 17.4974913701
131.24844792 17.5743592932
135.510791779 17.6521191127
139.879717854 17.7312393705
144.357891291 17.8116020993
148.948043878 17.8925598066
153.652975716 17.9732780181
158.475556922 18.0534322582
163.418729382 18.1330084416
168.485508545 18.2117500196
173.678985264 18.2893836024
179.002327679 18.365443106
184.458783154 18.4389324756
190.051680252 18.509386436
195.784430769 18.5776583169
201.660531817 18.6448372298
207.683567953 18.7116262154
213.857213367 18.7786911613
220.185234128 18.8456481118
226.671490473 18.9112126614
233.31993917 18.9751043634
240.134635925 19.0384347533
247.119737862 19.1019044582
254.279506055 19.1644349769
261.618308127 19.2238761569
269.140620918 19.2793108425
276.851033213 19.3309507536
284.754248541 19.3794308729
292.855088047 19.4257338207
301.15849343 19.4693902524
309.66952996 19.5096346128
318.393389566 19.5468329046
327.335394004 19.5804872896
336.500998104 19.6110259432
345.895793097 19.6413660945
355.525510024 19.6712217776
365.396023236 19.695592602
375.513353975 19.7152250539
385.883674046 19.7289291362
