  0.445997   0.430572
   1.34914   0.509607
   2.27487   0.413152
   3.22375   0.276454
   4.19635   0.122445
   5.19328  -0.014883
   6.21513  -0.113493
   7.26254  -0.169596
   8.33614  -0.188297
   9.43658  -0.186492
   10.5645  -0.168321
   11.7207  -0.145853
   12.9058  -0.122397
   14.1205  -0.099831
   15.3656 -0.0811101
   16.6418 -0.0633272
   17.9499  -0.049652
   19.2908 -0.0405636
   20.6651 -0.0290829
   22.0739  -0.023618
   23.5178 -0.0179067
   24.9979 -0.0133446
    26.515 -0.0109397
     28.07 -0.00642189
   29.6639 -0.00607155
   31.2976 -0.00395676
   32.9723 -0.00416471
   34.6887 -0.00282945
   36.4481 -0.00372265
   38.2515 -0.00206162
      40.1 -0.000883238
   41.9948 -0.000275621
   43.9368 0.00082563
   45.9275   0.001349
   47.9679 0.00061146
   50.0594 -0.00103359
   52.2032 -0.00228801
   54.4005 -0.0027589
   56.6528 -0.00258518
   58.9614 -0.00207135
   61.3278 -0.00190627
   63.7533 -0.00190143
   66.2395 -0.00188827
   68.7879 -0.0023535
   71.3999 -0.0034479
   74.0773 -0.00465622
   76.8217 -0.00533897
   79.6346 -0.00518222
   82.5179 -0.00379695
   85.4733 -0.0012659
   88.5026 0.00154421
   91.6077 0.00318829
   94.7904 0.00346254
   98.0526 0.00349951
   101.396 0.00354951
   104.824 0.00351173
   108.337 0.00373795
   111.938 0.00386724
   115.629 0.00319163
   119.413 0.00211133
   123.291 0.00116737
   127.265 0.000922021
    131.34 0.00116487
   135.516 0.000766052
   139.797 0.000660123
   144.184 0.00154043
   148.682 0.00221746
   153.292 0.00228549
   158.017 0.00214229
    162.86 0.00183587
   167.824 0.00179325
   172.913 0.00179604
   178.129 0.00121849
   183.475 0.000833818
   188.955 0.000898431
   194.572 0.00101021
   200.329 0.000869525
    206.23 0.000809446
   212.279 0.000522809
    218.48 0.000259873
   224.835 0.000323419
   231.349 0.000188503
   238.026 0.000103567
    244.87 0.000111971
   251.885 0.000149285
   259.075 0.000152402
   266.446 -0.000109194
       274 -0.000232165
   281.744 -0.000203715
   289.681 -0.000326388
   297.817 -0.000445535
   306.156 -0.000541449
   314.703 -0.000441048
   323.465 -0.000560333
   332.445 -0.000595858
    341.65 -0.000618056
   351.085 -0.00103932
