  0.445997    0.59704
   1.34914   0.555619
   2.27487   0.518891
   3.22375     0.4761
   4.19635   0.428462
   5.19328   0.382267
   6.21513    0.34244
   7.26254   0.310491
   8.33614   0.285613
   9.43658   0.265854
   10.5645   0.249534
   11.7207   0.235674
   12.9058   0.223329
   14.1205   0.212116
   15.3656    0.20166
   16.6418   0.191736
   17.9499   0.182341
   19.2908   0.173447
   20.6651   0.165035
   22.0739   0.157059
   23.5178     0.1495
   24.9979   0.142344
    26.515   0.135603
     28.07   0.129266
   29.6639   0.123299
   31.2976   0.117674
   32.9723   0.112357
   34.6887   0.107313
   36.4481   0.102589
   38.2515  0.0982503
      40.1  0.0942595
   41.9948  0.0906249
   43.9368  0.0872904
   45.9275   0.084233
   47.9679  0.0813155
   50.0594  0.0784791
   52.2032  0.0758567
   54.4005  0.0735941
   56.6528  0.0716025
   58.9614  0.0697207
   61.3278  0.0679508
   63.7533  0.0663805
   66.2395  0.0650395
   68.7879  0.0638747
   71.3999  0.0628093
   74.0773   0.061834
   76.8217  0.0609715
   79.6346  0.0602769
   82.5179  0.0595725
   85.4733  0.0585946
   88.5026  0.0572388
   91.6077  0.0556504
   94.7904  0.0541674
   98.0526  0.0527146
   101.396  0.0510452
   104.824  0.0493058
   108.337  0.0476057
   111.938  0.0459528
   115.629  0.0442794
   119.413  0.0426948
   123.291  0.0413394
   127.265  0.0402981
    131.34  0.0394735
   135.516  0.0386611
   139.797  0.0378916
   144.184  0.0371105
   148.682  0.0359713
   153.292  0.0344037
   158.017   0.032699
    162.86  0.0312518
   167.824  0.0302157
   172.913  0.0291296
   178.129  0.0278134
   183.475  0.0265925
   188.955  0.0255937
   194.572  0.0247325
   200.329  0.0239708
    206.23   0.023197
   212.279  0.0223089
    218.48  0.0213702
   224.835  0.0204734
   231.349  0.0195308
   238.026  0.0186151
    244.87  0.0177262
   251.885  0.0167346
   259.075  0.0157631
   266.446   0.014708
       274  0.0137074
   281.744  0.0127793
   289.681  0.0119251
   297.817  0.0110959
   306.156    0.01029
   314.703 0.00957646
   323.465 0.00895056
   332.445 0.00851223
    341.65 0.00821152
   351.085 0.00798973
