  0.445997 0.000147565
   1.34914 0.00583158
   2.27487  0.0275392
   3.22375  0.0714081
   4.19635   0.133863
   5.19328   0.204129
   6.21513   0.269874
   7.26254   0.322045
   8.33614   0.356476
   9.43658   0.373576
   10.5645   0.376192
   11.7207   0.367985
   12.9058   0.352895
   14.1205   0.333614
   15.3656   0.312701
   16.6418   0.291509
   17.9499   0.270679
   19.2908   0.250741
   20.6651   0.232126
   22.0739   0.214862
   23.5178   0.199231
   24.9979   0.185025
    26.515   0.172484
     28.07   0.161302
   29.6639    0.15118
   31.2976   0.142039
   32.9723   0.133803
   34.6887    0.12607
   36.4481   0.118832
   38.2515   0.112544
      40.1   0.106535
   41.9948    0.10109
   43.9368  0.0962073
   45.9275   0.091888
   47.9679   0.088255
   50.0594  0.0855277
   52.2032  0.0836207
   54.4005  0.0823631
   56.6528  0.0815758
   58.9614  0.0810127
   61.3278  0.0805715
   63.7533  0.0801962
   66.2395  0.0797823
   68.7879  0.0793096
   71.3999  0.0789468
   74.0773  0.0789877
   76.8217  0.0793965
   79.6346   0.079755
   82.5179  0.0798041
   85.4733  0.0794409
   88.5026  0.0785001
   91.6077  0.0772302
   94.7904  0.0762547
   98.0526  0.0754865
   101.396  0.0742453
   104.824  0.0722405
   108.337  0.0696679
   111.938  0.0670672
   115.629  0.0647539
   119.413  0.0627261
   123.291  0.0608526
   127.265  0.0593932
    131.34  0.0586222
   135.516  0.0586259
   139.797   0.058723
   144.184  0.0579958
   148.682  0.0559499
   153.292  0.0529449
   158.017  0.0501732
    162.86  0.0483949
   167.824  0.0467697
   172.913  0.0440573
   178.129  0.0407406
   183.475  0.0376541
   188.955  0.0350842
   194.572  0.0329509
   200.329  0.0308859
    206.23  0.0289746
   212.279   0.027563
    218.48  0.0262055
   224.835  0.0245832
   231.349  0.0231142
   238.026  0.0214438
    244.87  0.0194751
   251.885  0.0173697
   259.075  0.0152497
   266.446  0.0135409
       274  0.0119525
   281.744   0.010576
   289.681 0.00924839
   297.817 0.00790222
   306.156 0.00671124
   314.703 0.00515251
   323.465 0.00340574
   332.445  0.0022904
    341.65 0.00201567
   351.085  0.0024067
