  0.445997  0.0162873
   1.34914  0.0304051
   2.27487  0.0343127
   3.22375  0.0334025
   4.19635  0.0303525
   5.19328  0.0264057
   6.21513  0.0221134
   7.26254  0.0177174
   8.33614  0.0133391
   9.43658 0.00909928
   10.5645 0.00512138
   11.7207 0.00151652
   12.9058 -0.00162186
   14.1205 -0.00425095
   15.3656 -0.00639391
   16.6418 -0.00812107
   17.9499 -0.00946196
   19.2908   -0.01045
   20.6651 -0.0110912
   22.0739 -0.0114343
   23.5178 -0.0114421
   24.9979  -0.011091
    26.515 -0.0103988
     28.07 -0.00946956
   29.6639 -0.00840787
   31.2976 -0.00730804
   32.9723 -0.00635498
   34.6887 -0.00563118
   36.4481 -0.00510565
   38.2515 -0.00472428
      40.1 -0.0045196
   41.9948 -0.00449999
   43.9368 -0.00443332
   45.9275 -0.0042688
   47.9679 -0.00414467
   50.0594 -0.00413798
   52.2032 -0.00409089
   54.4005 -0.00395573
   56.6528 -0.00380538
   58.9614 -0.00360324
   61.3278 -0.00329414
   63.7533 -0.00283138
   66.2395 -0.00233549
   68.7879 -0.00196964
   71.3999 -0.00172856
   74.0773 -0.00155989
   76.8217 -0.00138467
   79.6346 -0.00105339
   82.5179 -0.000661627
   85.4733 -0.000483798
   88.5026 -0.000691611
   91.6077 -0.00103508
   94.7904 -0.00101737
   98.0526 -0.00044509
   101.396 0.000190116
   104.824 0.000495412
   108.337  0.0002707
   111.938 -0.000555252
   115.629 -0.0016732
   119.413 -0.00212175
   123.291 -0.00169081
   127.265 -0.00136975
    131.34 -0.00184386
   135.516 -0.00300429
   139.797 -0.00443969
   144.184 -0.00529384
   148.682 -0.00519594
   153.292 -0.00434827
   158.017 -0.00362591
    162.86 -0.0033659
   167.824 -0.00244207
   172.913 -0.00123009
   178.129 -0.000708802
   183.475 -0.000325213
   188.955 -0.00014303
   194.572 -0.000694938
   200.329 -0.00130181
    206.23 -0.00171861
   212.279 -0.00190276
    218.48 -0.00220163
   224.835 -0.00174036
   231.349 -0.00133162
   238.026 -0.000730013
    244.87 -0.000461849
   251.885 -0.00102929
   259.075 -0.00222245
   266.446 -0.0027926
       274 -0.00233178
   281.744 -0.00178789
   289.681 -0.00211119
   297.817 -0.0024292
   306.156 -0.00249734
   314.703 -0.00241239
   323.465 -0.0019144
   332.445 -0.00129297
    341.65 -0.000645779
   351.085 -0.000713638
