  0.445997 -0.00244443
   1.34914 -0.0188178
   2.27487 -0.0644207
   3.22375  -0.138572
   4.19635  -0.221481
   5.19328  -0.289799
   6.21513  -0.329897
   7.26254  -0.340231
   8.33614  -0.327587
   9.43658  -0.300825
   10.5645  -0.267753
   11.7207   -0.23382
   12.9058  -0.201668
   14.1205  -0.172556
   15.3656  -0.146833
   16.6418  -0.124887
   17.9499  -0.106501
   19.2908  -0.091022
   20.6651 -0.0787479
   22.0739   -0.06907
   23.5178 -0.0610277
   24.9979 -0.0540363
    26.515 -0.0468766
     28.07 -0.0398867
   29.6639 -0.0339441
   31.2976 -0.0289401
   32.9723 -0.0245416
   34.6887 -0.0213358
   36.4481 -0.0184517
   38.2515 -0.0154019
      40.1 -0.0128343
   41.9948 -0.0101969
   43.9368 -0.00783329
   45.9275 -0.00588378
   47.9679 -0.00418661
   50.0594 -0.00268399
   52.2032 -0.00104176
   54.4005 0.00124525
   56.6528 0.00469395
   58.9614 0.00906857
   61.3278   0.013697
   63.7533  0.0183955
   66.2395  0.0227161
   68.7879  0.0270245
   71.3999  0.0328849
   74.0773  0.0403086
   76.8217  0.0476457
   79.6346  0.0531729
   82.5179  0.0561876
   85.4733  0.0573621
   88.5026  0.0580471
   91.6077   0.059143
   94.7904  0.0606544
   98.0526  0.0619852
   101.396   0.062167
   104.824  0.0619333
   108.337   0.061262
   111.938  0.0579395
   115.629  0.0521806
   119.413  0.0480571
   123.291   0.047831
   127.265  0.0490002
    131.34  0.0501477
   135.516  0.0518204
   139.797  0.0539211
   144.184  0.0551877
   148.682  0.0543121
   153.292  0.0514272
   158.017  0.0477629
    162.86  0.0447633
   167.824  0.0424668
   172.913  0.0396575
   178.129  0.0344335
   183.475  0.0279834
   188.955  0.0232567
   194.572  0.0202304
   200.329  0.0178155
    206.23  0.0156962
   212.279  0.0130163
    218.48 0.00981524
   224.835 0.00678919
   231.349 0.00434808
   238.026 0.00234444
    244.87 -0.000559919
   251.885 -0.0031743
   259.075 -0.00456955
   266.446 -0.00622429
       274 -0.00976228
   281.744 -0.0137687
   289.681 -0.0155805
   297.817 -0.0172601
   306.156 -0.0218252
   314.703 -0.0265875
   323.465 -0.0293796
   332.445 -0.0306878
    341.65 -0.0306902
   351.085 -0.0313978
