  0.445997   0.445997
   1.34914    1.34609
   2.27487    2.25997
   3.22375    3.17636
   4.19635    4.07961
   5.19328    4.95286
   6.21513    5.78142
   7.26254     6.5549
   8.33614    7.26778
   9.43658    7.91847
   10.5645    8.50899
   11.7207    9.04294
   12.9058    9.52523
   14.1205    9.96112
   15.3656    10.3558
   16.6418    10.7144
   17.9499    11.0411
   19.2908    11.3402
   20.6651    11.6153
   22.0739    11.8694
   23.5178     12.105
   24.9979    12.3244
    26.515    12.5295
     28.07    12.7222
   29.6639     12.904
   31.2976    13.0766
   32.9723    13.2413
   34.6887    13.3991
   36.4481    13.5506
   38.2515    13.6968
      40.1    13.8382
   41.9948    13.9753
   43.9368    14.1091
   45.9275    14.2399
   47.9679    14.3683
   50.0594    14.4949
   52.2032    14.6203
   54.4005    14.7454
   56.6528    14.8705
   58.9614     14.996
   61.3278    15.1222
   63.7533    15.2492
   66.2395    15.3775
   68.7879    15.5077
   71.3999    15.6408
   74.0773    15.7779
   76.8217    15.9199
   79.6346    16.0677
   82.5179     16.222
   85.4733    16.3827
   88.5026    16.5492
   91.6077    16.7198
   94.7904     16.893
   98.0526    17.0682
   101.396    17.2445
   104.824    17.4211
   108.337    17.5974
   111.938    17.7723
   115.629    17.9451
   119.413    18.1164
   123.291    18.2866
   127.265    18.4568
    131.34    18.6285
   135.516    18.8036
   139.797    18.9838
   144.184    19.1693
   148.682    19.3586
   153.292    19.5498
   158.017    19.7416
    162.86    19.9348
   167.824    20.1313
   172.913    20.3301
   178.129    20.5279
   183.475    20.7228
   188.955    20.9151
   194.572    21.1054
   200.329    21.2927
    206.23    21.4784
   212.279    21.6638
    218.48     21.848
   224.835    22.0299
   231.349    22.2099
   238.026    22.3879
    244.87    22.5637
   251.885    22.7385
   259.075    22.9101
   266.446    23.0745
       274    23.2325
   281.744    23.3832
   289.681    23.5244
   297.817    23.6546
   306.156    23.7732
   314.703    23.8784
   323.465     23.968
   332.445    24.0394
    341.65    24.0872
   351.085    24.1089
