0.484543748518 0.239944354284
1.4657475243 0.27686413486
2.47148683168 0.215474501745
3.50237519491 0.127710421254
4.55904147974 0.0280945107626
5.64213027707 -0.0574615715932
6.75230229612 -0.112261669194
7.89023476751 -0.134824519169
9.05662185638 -0.13328193957
10.2521750858 -0.11788940245
11.477623771 -0.0968303490322
12.733715464 -0.0752815859637
14.0212164098 -0.0559760558149
15.3409120137 -0.0400180799819
16.6936073206 -0.0275360099221
18.080127506 -0.0181393397989
19.5013183792 -0.011220584515
20.9580468996 -0.00619433564362
22.4512017052 -0.00263150990049
23.9816936551 -0.000217935071285
25.5504563847 0.00131767036071
27.1584468757 0.00222534079999
28.8066460394 0.00271743129713
30.4960593155 0.00293053597837
32.2277172851 0.00290345569557
34.0026762997 0.00270461464175
35.8220191254 0.00245890884858
37.6868556034 0.0022713871345
39.5983233269 0.00217543713073
41.5575883358 0.0021338878213
43.5658458268 0.00209999797175
45.6243208837 0.00196040130784
47.7342692236 0.00163402128889
49.8969779641 0.00130069731812
52.1137664075 0.00112650550705
54.385986846 0.00100624361453
56.7150253865 0.000888065698696
59.1023027967 0.000815520775127
61.549275371 0.000791462351791
64.0574358191 0.000794427192999
66.628314177 0.000781229898408
69.26347874 0.000699311869546
71.9645370196 0.000586878434177
74.7331367236 0.000450495447614
77.5709667621 0.000317938860257
80.479758277 0.000234786605903
83.4612856984 0.000189444997799
86.5173678271 0.000174574458978
89.6498689438 0.000174538394771
92.8606999468 0.000190548308129
96.1518195172 0.00017822461621
99.5252353142 0.000148936434043
102.9830052 0.000131700870319
106.527238493 9.88622126662e-05
110.160097258 6.12548614837e-05
113.883797623 8.00431174049e-05
117.700611132 0.000126613185795
121.612866129 0.000118229753689
125.62294918 6.37978055508e-05
129.733306529 -1.7570859905e-05
133.946445589 -4.29272317443e-05
138.264936471 -8.76351348725e-06
142.691413556 2.57296889591e-05
147.228577097 0.000102034014645
151.879194868 0.000182282904563
156.646103854 0.000192569975791
161.53221198 0.000137319793199
166.540499885 0.00010191429841
171.674022741 0.000111051647731
176.935912114 7.75612730631e-05
182.32937788 5.59191845293e-05
187.857710177 9.26085543033e-05
193.524281416 0.000104972573296
199.332548336 6.40175117836e-05
205.286054116 3.71261647796e-05
211.38843053 4.80586646371e-05
217.64340017 4.72167674859e-05
224.054778712 1.60364740763e-05
230.626477246 1.67126099682e-06
237.362504658 4.82936155005e-05
244.266970083 0.000101102859662
251.344085404 0.000113020533623
258.598167825 7.72731782105e-05
266.033642504 1.18283859902e-05
273.655045252 -7.60494558953e-06
281.467025302 3.81054576998e-05
289.474348142 6.69693160514e-05
297.681898424 7.06353852084e-05
306.094682945 7.99303924265e-05
314.717833697 8.9904030852e-05
323.556611002 8.00391552223e-05
332.616406718 5.55690334027e-05
341.902747532 4.96681678264e-05
351.421298323 9.47344864468e-05
361.177865631 0.000112521353213
371.178401186 9.99941410475e-05
381.429005546 5.55800785182e-05
