0.484543748518 0.338212312286
1.4657475243 0.310071447575
2.47148683168 0.290757878673
3.50237519491 0.272079243609
4.55904147974 0.25399120421
5.64213027707 0.240102933252
6.75230229612 0.23254870111
7.89023476751 0.230364753188
9.05662185638 0.230890871732
10.2521750858 0.231602499396
11.477623771 0.23095665985
12.733715464 0.228355515854
14.0212164098 0.223798723978
15.3409120137 0.217579088539
16.6936073206 0.210098649023
18.080127506 0.201773561168
19.5013183792 0.192981869534
20.9580468996 0.184015572054
22.4512017052 0.175065235891
23.9816936551 0.166257626655
25.5504563847 0.157689945869
27.1584468757 0.149441043703
28.8066460394 0.141567849447
30.4960593155 0.134097807291
32.2277172851 0.127023807253
34.0026762997 0.120338914984
35.8220191254 0.114048082547
37.6868556034 0.108149897649
39.5983233269 0.102627841191
41.5575883358 0.0974466636075
43.5658458268 0.0925592352419
45.6243208837 0.0878999762638
47.7342692236 0.0834352130128
49.8969779641 0.079204264014
52.1137664075 0.0752202538167
54.385986846 0.0714330824989
56.7150253865 0.0678532303224
59.1023027967 0.0645275384544
61.549275371 0.0614574221331
64.0574358191 0.0586043654683
66.628314177 0.0559076668325
69.26347874 0.0533218683397
71.9645370196 0.0508438942525
74.7331367236 0.0484746259181
77.5709667621 0.0462276599381
80.479758277 0.0441082018097
83.4612856984 0.0420876231499
86.5173678271 0.0401555975746
89.6498689438 0.0383097521771
92.8606999468 0.0365489475428
96.1518195172 0.0348716123148
99.5252353142 0.0332817393776
102.9830052 0.0317751160428
106.527238493 0.0303269635166
110.160097258 0.0289301579284
113.883797623 0.0275833123995
117.700611132 0.0262633253387
121.612866129 0.0249640263744
125.62294918 0.0237252327041
129.733306529 0.0225745809955
133.946445589 0.0215134459145
138.264936471 0.0205155860821
142.691413556 0.0195523912421
147.228577097 0.0186328387509
151.879194868 0.0177472665661
156.646103854 0.0168692125096
161.53221198 0.0160024663717
166.540499885 0.0151812551282
171.674022741 0.014408793843
176.935912114 0.013668159247
182.32937788 0.0129764740308
187.857710177 0.012336156936
193.524281416 0.0117292342149
199.332548336 0.0111328242307
205.286054116 0.0105630876336
211.38843053 0.0100368140046
217.64340017 0.00953467254159
224.054778712 0.00904255956637
230.626477246 0.00856546285749
237.362504658 0.00812744048558
244.266970083 0.00771179794737
251.344085404 0.00728945670585
258.598167825 0.00687468126282
266.033642504 0.00647940383591
273.655045252 0.00612259873486
281.467025302 0.00580192225826
289.474348142 0.00548841908635
297.681898424 0.00518758447226
306.094682945 0.00492369922674
314.717833697 0.00468367554857
323.556611002 0.00445754935451
332.616406718 0.00427375823632
341.902747532 0.00412119622342
351.421298323 0.00399429053146
361.177865631 0.00390247094497
371.178401186 0.00384120298539
381.429005546 0.00379383709239
