0.484543748518 0.000127955707036
1.4657475243 0.00531026171516
2.47148683168 0.0258862674032
3.50237519491 0.0698883528753
4.55904147974 0.136775138113
5.64213027707 0.217163922013
6.75230229612 0.297404740246
7.89023476751 0.365324206706
9.05662185638 0.413743100434
10.2521750858 0.440897525628
11.477623771 0.448922187536
12.733715464 0.441892979597
14.0212164098 0.424291658925
15.3409120137 0.400108411073
16.6936073206 0.372478375739
18.080127506 0.343659523352
19.5013183792 0.31517013276
20.9580468996 0.287964715185
22.4512017052 0.262585083534
23.9816936551 0.239280796966
25.5504563847 0.218115271059
27.1584468757 0.199056395614
28.8066460394 0.182023260413
30.4960593155 0.166884433064
32.2277172851 0.153458338178
34.0026762997 0.141547463549
35.8220191254 0.130973005846
37.6868556034 0.121576323637
39.5983233269 0.113209934641
41.5575883358 0.10573141572
43.5658458268 0.0989980254215
45.6243208837 0.0928810339919
47.7342692236 0.0872989974632
49.8969779641 0.0822073117112
52.1137664075 0.07755476129
54.385986846 0.0732905130097
56.7150253865 0.069399674729
59.1023027967 0.065886792757
61.549275371 0.0627287013994
64.0574358191 0.059858320624
66.628314177 0.0571920641373
69.26347874 0.0546741549718
71.9645370196 0.0522912104218
74.7331367236 0.0500498190741
77.5709667621 0.0479545648199
80.479758277 0.0459916526219
83.4612856984 0.0441219378972
86.5173678271 0.0423245408985
89.6498689438 0.0405929611452
92.8606999468 0.0389032627932
96.1518195172 0.0372475012948
99.5252353142 0.0356476502696
102.9830052 0.0341200420552
106.527238493 0.0326511835789
110.160097258 0.0312009560462
113.883797623 0.0297253828662
117.700611132 0.0282133537608
121.612866129 0.0266953207243
125.62294918 0.0252131799463
129.733306529 0.0238086572432
133.946445589 0.0225080717125
138.264936471 0.0213138608383
142.691413556 0.0202053020493
147.228577097 0.019154557214
151.879194868 0.0181663982953
156.646103854 0.0172501038033
161.53221198 0.0163711952751
166.540499885 0.0154834460728
171.674022741 0.0145751655779
176.935912114 0.0136622431915
182.32937788 0.0127746016834
187.857710177 0.0119422297892
193.524281416 0.0111795835428
199.332548336 0.0104759434504
205.286054116 0.00980407398541
211.38843053 0.00912963799717
217.64340017 0.00844525070986
224.054778712 0.00780828747338
230.626477246 0.00724111966704
237.362504658 0.00668281490542
244.266970083 0.0060993214058
251.344085404 0.00549433618687
258.598167825 0.00490306185282
266.033642504 0.00435961297888
273.655045252 0.00386635581931
281.467025302 0.00341588912741
289.474348142 0.00299332024751
297.681898424 0.00257129474623
306.094682945 0.00216284266478
314.717833697 0.0017922329629
323.556611002 0.00147827709649
332.616406718 0.00123923041269
341.902747532 0.00106969812447
351.421298323 0.000929244787409
361.177865631 0.000788733863952
371.178401186 0.00065542228734
381.429005546 0.000575853302668
