0.484543748518 0.0128671669202
1.4657475243 0.0238048945096
2.47148683168 0.0266328706962
3.50237519491 0.0257113700731
4.55904147974 0.0231626887766
5.64213027707 0.019949187585
6.75230229612 0.0164719506071
7.89023476751 0.0128720445324
9.05662185638 0.00922646277656
10.2521750858 0.00563801216358
11.477623771 0.00223766941415
12.733715464 -0.00084819934707
14.0212164098 -0.00352596756589
15.3409120137 -0.00574431386902
16.6936073206 -0.00748919087667
18.080127506 -0.00876969057278
19.5013183792 -0.00960370944203
20.9580468996 -0.0100178068432
22.4512017052 -0.010059293651
23.9816936551 -0.00979553583861
25.5504563847 -0.00929899448502
27.1584468757 -0.00863224552124
28.8066460394 -0.00784481605882
30.4960593155 -0.00698939544997
32.2277172851 -0.00612745954797
34.0026762997 -0.0053183258285
35.8220191254 -0.00461957700735
37.6868556034 -0.00407827350069
39.5983233269 -0.00370165165497
41.5575883358 -0.00345279040401
43.5658458268 -0.00327998273779
45.6243208837 -0.00315020525778
47.7342692236 -0.0030444579143
49.8969779641 -0.002951333315
52.1137664075 -0.00286894671321
54.385986846 -0.00278258306652
56.7150253865 -0.0026535571465
59.1023027967 -0.0024663000955
61.549275371 -0.00223547994562
64.0574358191 -0.00198888769072
66.628314177 -0.00174343520837
69.26347874 -0.00149309999307
71.9645370196 -0.00123455105089
74.7331367236 -0.000978204857821
77.5709667621 -0.000752550989007
80.479758277 -0.000599503150413
83.4612856984 -0.000550618186445
86.5173678271 -0.000581223892668
89.6498689438 -0.000637462462018
92.8606999468 -0.000662244192894
96.1518195172 -0.000642894481346
99.5252353142 -0.000604127949499
102.9830052 -0.000576765854058
106.527238493 -0.000563526141908
110.160097258 -0.000550788477327
113.883797623 -0.000565427746801
117.700611132 -0.000651959931002
121.612866129 -0.000810356363227
125.62294918 -0.000984124664561
129.733306529 -0.00110686816947
133.946445589 -0.00115811557429
138.264936471 -0.00119501609111
142.691413556 -0.00125670625545
147.228577097 -0.00132577354034
151.879194868 -0.00139170476375
156.646103854 -0.00141800175114
161.53221198 -0.00138739554177
166.540499885 -0.00133042137987
171.674022741 -0.00129776618224
176.935912114 -0.00129102508346
182.32937788 -0.00127108460813
187.857710177 -0.00122871079574
193.524281416 -0.00119712730841
199.332548336 -0.00118328317177
205.286054116 -0.00115786347793
211.38843053 -0.00108075747017
217.64340017 -0.000950820220394
224.054778712 -0.000811346268819
230.626477246 -0.000672979933887
237.362504658 -0.000533257239797
244.266970083 -0.000429787440506
251.344085404 -0.000397461966253
258.598167825 -0.000387480265079
266.033642504 -0.000368166879862
273.655045252 -0.000311029414871
281.467025302 -0.000199863332314
289.474348142 -0.000137387434793
297.681898424 -0.000156338249057
306.094682945 -0.000255924916938
314.717833697 -0.000381966045225
323.556611002 -0.000451213782075
332.616406718 -0.000420441630853
341.902747532 -0.000326254005513
351.421298323 -0.000233962936922
361.177865631 -0.00011975734619
371.178401186 -2.65666583686e-05
381.429005546 -1.01651057963e-05
