0.484543748518 -0.000968028226459
1.4657475243 -0.00737291084042
2.47148683168 -0.0240751270592
3.50237519491 -0.0468209029736
4.55904147974 -0.0621474650646
5.64213027707 -0.058486883417
6.75230229612 -0.0346000961443
7.89023476751 0.00166551336925
9.05662185638 0.0397725802364
10.2521750858 0.0716831982506
11.477623771 0.0935605893842
12.733715464 0.105008303797
14.0212164098 0.107573970442
15.3409120137 0.103523362962
16.6936073206 0.0951109063098
18.080127506 0.0842424590953
19.5013183792 0.072380673601
20.9580468996 0.0605380474986
22.4512017052 0.049312245253
23.9816936551 0.0390126376636
25.5504563847 0.0297998992342
27.1584468757 0.021749217732
28.8066460394 0.0148712140396
30.4960593155 0.00910862811139
32.2277172851 0.00435140571849
34.0026762997 0.000505440896997
35.8220191254 -0.0025148294441
37.6868556034 -0.004825770923
39.5983233269 -0.00655047016156
41.5575883358 -0.00778188988866
43.5658458268 -0.00862113089941
45.6243208837 -0.00924160866615
47.7342692236 -0.00975409222174
49.8969779641 -0.0100753378237
52.1137664075 -0.0101651171935
54.385986846 -0.0101365994056
56.7150253865 -0.0100102179771
59.1023027967 -0.00971752691743
61.549275371 -0.00926915849221
64.0574358191 -0.00872283662184
66.628314177 -0.00815587467951
69.26347874 -0.00763674501614
71.9645370196 -0.00717016200715
74.7331367236 -0.0067326384442
77.5709667621 -0.0062858007156
80.479758277 -0.00587434484396
83.4612856984 -0.00555954318245
86.5173678271 -0.00532284822317
89.6498689438 -0.00511730657952
92.8606999468 -0.00491001709142
96.1518195172 -0.00470640113345
99.5252353142 -0.00448317769038
102.9830052 -0.00423152059605
106.527238493 -0.00399502485655
110.160097258 -0.00378126875027
113.883797623 -0.00355136861231
117.700611132 -0.00335035540924
121.612866129 -0.00327934883488
125.62294918 -0.00333813868366
129.733306529 -0.00342941935102
133.946445589 -0.00340937299449
138.264936471 -0.0032631028807
142.691413556 -0.00309228888113
147.228577097 -0.00288209081514
151.879194868 -0.00263284461239
156.646103854 -0.00246095429033
161.53221198 -0.00242470031712
166.540499885 -0.00243595206596
171.674022741 -0.00241496619294
176.935912114 -0.00241027779062
182.32937788 -0.00241919853767
187.857710177 -0.00238863773946
193.524281416 -0.00237902410389
199.332548336 -0.00240543709493
205.286054116 -0.00236616479424
211.38843053 -0.00223762464297
217.64340017 -0.00209102871521
224.054778712 -0.00192099410168
230.626477246 -0.00168797820119
237.362504658 -0.0014502125522
244.266970083 -0.00136132280332
251.344085404 -0.0014840792958
258.598167825 -0.00168654497066
266.033642504 -0.00183747357925
273.655045252 -0.00189766465022
281.467025302 -0.00187792566469
289.474348142 -0.00186108188966
297.681898424 -0.00192575157103
306.094682945 -0.00203165675138
314.717833697 -0.00214783381407
323.556611002 -0.00221494154732
332.616406718 -0.00216735882894
341.902747532 -0.0020509073083
351.421298323 -0.00194234241574
361.177865631 -0.00191317381434
371.178401186 -0.00194984316681
381.429005546 -0.00199887995345
