0.484543748518 0.484543748518
1.4657475243 1.46240781935
2.47148683168 2.45578252968
3.50237519491 3.45355445626
4.55904147974 4.43975803644
5.64213027707 5.39655597013
6.75230229612 6.30762891718
7.89023476751 7.16061126705
9.05662185638 7.94804688012
10.2521750858 8.66710938655
11.477623771 9.31864474805
12.733715464 9.9060300082
14.0212164098 10.4341406108
15.3409120137 10.9085450659
16.6936073206 11.3349440399
18.080127506 11.7188215704
19.5013183792 12.0652603382
20.9580468996 12.3788697226
22.4512017052 12.6637738205
23.9816936551 12.9236243986
25.5504563847 13.1616333345
27.1584468757 13.3806241575
28.8066460394 13.5830902815
30.4960593155 13.7712310441
32.2277172851 13.9469587328
34.0026762997 14.1119157375
35.8220191254 14.2675186859
37.6868556034 14.4149993817
39.5983233269 14.5554262864
41.5575883358 14.6897264808
43.5658458268 14.8186976281
45.6243208837 14.9429874982
47.7342692236 15.0630975675
49.8969779641 15.1794576223
52.1137664075 15.2924630465
54.385986846 15.4024426414
56.7150253865 15.5096960047
59.1023027967 15.6145743097
61.549275371 15.7174805377
64.0574358191 15.8188027561
66.628314177 15.9188475494
69.26347874 16.0177988177
71.9645370196 16.1157793822
74.7331367236 16.2129093639
77.5709667621 16.3093276718
80.479758277 16.4052067149
83.4612856984 16.5007110388
86.5173678271 16.5959610061
89.6498689438 16.6910475879
92.8606999468 16.7860113538
96.1518195172 16.8808030905
99.5252353142 16.9753647335
102.9830052 17.069684967
106.527238493 17.163770246
110.160097258 17.2575530006
113.883797623 17.3508635544
117.700611132 17.4434626238
121.612866129 17.5350598022
125.62294918 17.6254610496
129.733306529 17.7146753679
133.946445589 17.8029245301
138.264936471 17.8905013937
142.691413556 17.9775953202
147.228577097 18.0643209418
151.879194868 18.1507380824
156.646103854 18.2369696529
161.53221198 18.3230610671
166.540499885 18.4087483731
171.674022741 18.4936512063
176.935912114 18.5773710316
182.32937788 18.6596169547
187.857710177 18.7403986647
193.524281416 18.8200559249
199.332548336 18.8989868705
205.286054116 18.9773458461
211.38843053 19.055114175
217.64340017 19.1319163321
224.054778712 19.207298662
230.626477246 19.2815983982
237.362504658 19.3553269248
244.266970083 19.4282204832
251.344085404 19.4997560948
258.598167825 19.5693310827
266.033642504 19.6363719127
273.655045252 19.7007274582
281.467025302 19.7624823087
289.474348142 19.8218145264
297.681898424 19.8784181066
306.094682945 19.931603058
314.717833697 19.9812941494
323.556611002 20.0269483888
332.616406718 20.0672660016
341.902747532 20.1019925746
351.421298323 20.1322716489
361.177865631 20.1580647139
371.178401186 20.1779209369
381.429005546 20.1890901399
