  0.485906 4.66217e-05
   1.46987 5.35171e-05
   2.47843 4.11418e-05
   3.51222 2.36551e-05
   4.57186 4.20673e-06
   5.65799 -1.20544e-05
   6.77128 -2.20869e-05
   7.91241 -2.58758e-05
   9.08208 -2.51602e-05
    10.281 -2.19784e-05
   11.5099 -1.79004e-05
   12.7695 -1.38703e-05
   14.0606 -1.03356e-05
    15.384 -7.4337e-06
   16.7405 -5.1494e-06
   18.1309 -3.41225e-06
   19.5561 -2.13467e-06
    21.017 -1.22206e-06
   22.5143 -5.83641e-07
   24.0491 -1.45734e-07
   25.6223 1.48766e-07
   27.2348 3.45362e-07
   28.8876 4.6952e-07
   30.5818 5.33337e-07
   32.3183 5.5412e-07
   34.0982 5.51244e-07
   35.9227 5.28767e-07
   37.7928 4.88026e-07
   39.7096 4.41877e-07
   41.6744 4.01973e-07
   43.6883 3.65442e-07
   45.7526 3.26264e-07
   47.8684 2.85902e-07
   50.0372 2.50052e-07
   52.2602 2.22381e-07
   54.5388 1.95937e-07
   56.8744 1.67098e-07
   59.2684 1.44215e-07
   61.7223 1.36676e-07
   64.2375 1.30569e-07
   66.8156 1.09386e-07
   69.4582 8.31482e-08
   72.1668 6.8583e-08
   74.9432 6.78982e-08
    77.789 7.10309e-08
    80.706 7.13793e-08
   83.6959 6.94614e-08
   86.7605 6.44735e-08
   89.9018 5.90324e-08
   93.1217 5.1578e-08
   96.4221 4.21582e-08
    99.805 3.43056e-08
   103.272 2.75245e-08
   106.827 2.17312e-08
    110.47 1.95283e-08
   114.204 2.15741e-08
   118.031 2.60098e-08
   121.955 2.53549e-08
   125.976 2.06174e-08
   130.098 1.76837e-08
   134.323 1.40298e-08
   138.654 1.06266e-08
   143.092 7.4289e-09
   147.642 4.46956e-09
   152.306 1.38034e-09
   157.086 -1.1904e-09
   161.986 -3.70942e-09
   167.009 -3.80541e-09
   172.157 4.86514e-09
   177.433 1.04089e-08
   182.842 9.30047e-09
   188.386 1.12925e-08
   194.068 1.12134e-08
   199.893 8.20361e-09
   205.863 7.42912e-09
   211.983 9.02064e-09
   218.255 1.08711e-08
   224.685 1.07193e-08
   231.275 9.90697e-09
    238.03 4.90425e-09
   244.954 3.43099e-09
   252.051 7.99725e-09
   259.325 1.01516e-08
   266.781 7.60467e-09
   274.424 4.01589e-09
   282.258 3.68246e-09
   290.288 7.4981e-09
   298.519 1.25422e-08
   306.955 1.52921e-08
   315.602 1.72299e-08
   324.466 1.67027e-08
   333.551 1.65375e-08
   342.864 1.73327e-08
   352.409 1.95793e-08
   362.193 2.26805e-08
   372.222 2.32513e-08
   382.501 2.28884e-08
