  0.485906 6.58256e-05
   1.46987 6.01431e-05
   2.47843 5.61139e-05
   3.51222 5.21275e-05
   4.57186 4.82636e-05
   5.65799 4.52966e-05
   6.77128 4.36376e-05
   7.91241 4.30663e-05
   9.08208 4.3045e-05
    10.281 4.30748e-05
   11.5099 4.28535e-05
   12.7695 4.22699e-05
   14.0606 4.13351e-05
    15.384 4.01161e-05
   16.7405 3.86915e-05
   18.1309 3.71303e-05
   19.5561 3.54897e-05
    21.017 3.38182e-05
   22.5143 3.21546e-05
   24.0491 3.0526e-05
   25.6223 2.89488e-05
   27.2348 2.74336e-05
   28.8876 2.59845e-05
   30.5818 2.46034e-05
   32.3183 2.32941e-05
   34.0982 2.20585e-05
   35.9227 2.08915e-05
   37.7928 1.97876e-05
   39.7096 1.87456e-05
   41.6744 1.77633e-05
   43.6883 1.68361e-05
   45.7526 1.59608e-05
   47.8684 1.51363e-05
   50.0372 1.43603e-05
   52.2602 1.36298e-05
   54.5388 1.29409e-05
   56.8744 1.2293e-05
   59.2684 1.1688e-05
   61.7223 1.11245e-05
   64.2375 1.0594e-05
   66.8156 1.00899e-05
   69.4582 9.61362e-06
   72.1668 9.16837e-06
   74.9432 8.75161e-06
    77.789 8.35653e-06
    80.706 7.97896e-06
   83.6959 7.61923e-06
   86.7605 7.27908e-06
   89.9018 6.95953e-06
   93.1217 6.65655e-06
   96.4221 6.36633e-06
    99.805 6.08889e-06
   103.272 5.82392e-06
   106.827 5.57115e-06
    110.47 5.32994e-06
   114.204 5.09948e-06
   118.031 4.87922e-06
   121.955 4.66733e-06
   125.976 4.46396e-06
   130.098 4.27015e-06
   134.323 4.08388e-06
   138.654 3.9048e-06
   143.092 3.73401e-06
   147.642 3.57188e-06
   152.306 3.41828e-06
   157.086 3.27201e-06
   161.986 3.13085e-06
   167.009 2.9941e-06
   172.157 2.86218e-06
   177.433 2.73247e-06
   182.842 2.60695e-06
   188.386 2.48878e-06
   194.068 2.37497e-06
   199.893 2.26488e-06
   205.863 2.15883e-06
   211.983 2.05612e-06
   218.255 1.95776e-06
   224.685 1.86218e-06
   231.275 1.7684e-06
    238.03 1.67602e-06
   244.954 1.58541e-06
   252.051 1.49736e-06
   259.325 1.4126e-06
   266.781 1.33102e-06
   274.424 1.25325e-06
   282.258 1.18102e-06
   290.288 1.11407e-06
   298.519 1.05105e-06
   306.955 9.89827e-07
   315.602 9.31266e-07
   324.466 8.78956e-07
   333.551 8.33442e-07
   342.864 7.93041e-07
   352.409 7.57887e-07
   362.193 7.29466e-07
   372.222 7.09792e-07
   382.501 6.99599e-07
