  0.485906 2.43871e-08
   1.46987 1.01803e-06
   2.47843 4.96486e-06
   3.51222 1.33937e-05
   4.57186 2.61595e-05
   5.65799 4.14118e-05
   6.77128 5.65122e-05
   7.91241 6.91562e-05
   9.08208 7.80316e-05
    10.281 8.2869e-05
   11.5099 8.41263e-05
   12.7695 8.26042e-05
   14.0606 7.91562e-05
    15.384 7.45287e-05
   16.7405 6.93023e-05
   18.1309 6.38916e-05
   19.5561 5.85706e-05
    21.017 5.35076e-05
   22.5143 4.87953e-05
   24.0491 4.44761e-05
   25.6223 4.05595e-05
   27.2348 3.70346e-05
   28.8876 3.38788e-05
   30.5818 3.10646e-05
   32.3183 2.85628e-05
   34.0982 2.63415e-05
   35.9227 2.43665e-05
   37.7928 2.26044e-05
   39.7096 2.10246e-05
   41.6744 1.96011e-05
   43.6883 1.83132e-05
   45.7526 1.71458e-05
   47.8684 1.60876e-05
   50.0372 1.51267e-05
   52.2602 1.42493e-05
   54.5388 1.34433e-05
   56.8744 1.27034e-05
   59.2684 1.20275e-05
   61.7223 1.14098e-05
   64.2375 1.08395e-05
   66.8156 1.03086e-05
   69.4582 9.81556e-06
   72.1668 9.36128e-06
   74.9432 8.9422e-06
    77.789 8.55157e-06
    80.706 8.18475e-06
   83.6959 7.83998e-06
   86.7605 7.51775e-06
   89.9018 7.21841e-06
   93.1217 6.93974e-06
   96.4221 6.67771e-06
    99.805 6.42719e-06
   103.272 6.18358e-06
   106.827 5.94471e-06
    110.47 5.70964e-06
   114.204 5.47885e-06
   118.031 5.25436e-06
   121.955 5.03712e-06
   125.976 4.82606e-06
   130.098 4.62025e-06
   134.323 4.42055e-06
   138.654 4.22903e-06
   143.092 4.04701e-06
   147.642 3.87284e-06
   152.306 3.70346e-06
   157.086 3.53907e-06
   161.986 3.38302e-06
   167.009 3.23661e-06
   172.157 3.09614e-06
   177.433 2.95739e-06
   182.842 2.81869e-06
   188.386 2.67913e-06
   194.068 2.53875e-06
   199.893 2.39954e-06
   205.863 2.26171e-06
   211.983 2.12495e-06
   218.255 1.99511e-06
   224.685 1.87697e-06
   231.275 1.76396e-06
    238.03 1.64849e-06
   244.954 1.53019e-06
   252.051 1.40859e-06
   259.325 1.28448e-06
   266.781 1.16099e-06
   274.424 1.04006e-06
   282.258 9.23148e-07
   290.288 8.09578e-07
   298.519 6.96823e-07
   306.955 5.86761e-07
   315.602 4.83198e-07
   324.466 3.89493e-07
   333.551 3.08565e-07
   342.864 2.37455e-07
   352.409 1.73982e-07
   362.193 1.2168e-07
   372.222 8.50747e-08
   382.501 6.67573e-08
