  0.485906 -2.19293e-07
   1.46987 -1.66333e-06
   2.47843 -5.39341e-06
   3.51222 -1.03889e-05
   4.57186 -1.363e-05
   5.65799 -1.266e-05
   6.77128 -7.37262e-06
   7.91241 4.19983e-07
   9.08208 8.44229e-06
    10.281 1.50285e-05
   11.5099 1.94258e-05
   12.7695 2.1606e-05
   14.0606 2.19442e-05
    15.384 2.09543e-05
   16.7405 1.91268e-05
   18.1309 1.68538e-05
   19.5561 1.4417e-05
    21.017 1.20069e-05
   22.5143 9.74643e-06
   24.0491 7.70587e-06
   25.6223 5.91721e-06
   27.2348 4.38864e-06
   28.8876 3.10989e-06
   30.5818 2.05739e-06
   32.3183 1.20563e-06
   34.0982 5.29475e-07
   35.9227 -3.99578e-09
   37.7928 -4.27309e-07
   39.7096 -7.60377e-07
   41.6744 -1.01974e-06
   43.6883 -1.22654e-06
   45.7526 -1.39666e-06
   47.8684 -1.53428e-06
   50.0372 -1.63758e-06
   52.2602 -1.70901e-06
   54.5388 -1.75635e-06
   56.8744 -1.7831e-06
   59.2684 -1.78393e-06
   61.7223 -1.75555e-06
   64.2375 -1.71342e-06
   66.8156 -1.67723e-06
   69.4582 -1.64667e-06
   72.1668 -1.60895e-06
   74.9432 -1.55544e-06
    77.789 -1.48867e-06
    80.706 -1.41797e-06
   83.6959 -1.3514e-06
   86.7605 -1.29266e-06
   89.9018 -1.23301e-06
   93.1217 -1.15987e-06
   96.4221 -1.07123e-06
    99.805 -9.74415e-07
   103.272 -8.82054e-07
   106.827 -8.01209e-07
    110.47 -7.30611e-07
   114.204 -6.6938e-07
   118.031 -6.1515e-07
   121.955 -5.6644e-07
   125.976 -5.22181e-07
   130.098 -4.84656e-07
   134.323 -4.57397e-07
   138.654 -4.3797e-07
   143.092 -4.23932e-07
   147.642 -4.13213e-07
   152.306 -4.00475e-07
   157.086 -3.84276e-07
   161.986 -3.7536e-07
   167.009 -3.73239e-07
   172.157 -3.67094e-07
   177.433 -3.59368e-07
   182.842 -3.5808e-07
   188.386 -3.61798e-07
   194.068 -3.71133e-07
   199.893 -3.8876e-07
   205.863 -4.08954e-07
   211.983 -4.19101e-07
   218.255 -4.12592e-07
   224.685 -3.98659e-07
   231.275 -3.8327e-07
    238.03 -3.69485e-07
   244.954 -3.57176e-07
   252.051 -3.5234e-07
   259.325 -3.64831e-07
   266.781 -3.9219e-07
   274.424 -4.31009e-07
   282.258 -4.69599e-07
   290.288 -4.96745e-07
   298.519 -5.14739e-07
   306.955 -5.28452e-07
   315.602 -5.29941e-07
   324.466 -5.26254e-07
   333.551 -5.28892e-07
   342.864 -5.3467e-07
   352.409 -5.44603e-07
   362.193 -5.54181e-07
   372.222 -5.68483e-07
   382.501 -5.83339e-07
