  0.485906   0.485906
   1.46987    1.46651
   2.47843    2.46248
   3.51222     3.4622
   4.57186    4.44913
   5.65799    5.40497
   6.77128    6.31328
   7.91241    7.16186
   9.08208    7.94365
    10.281    8.65632
   11.5099     9.3012
   12.7695    9.88205
   14.0606     10.404
    15.384     10.873
   16.7405    11.2946
   18.1309    11.6746
   19.5561    12.0179
    21.017    12.3291
   22.5143    12.6124
   24.0491    12.8712
   25.6223    13.1087
   27.2348    13.3275
   28.8876    13.5301
   30.5818    13.7186
   32.3183    13.8946
   34.0982    14.0599
   35.9227    14.2158
   37.7928    14.3636
   39.7096    14.5041
   41.6744    14.6382
   43.6883    14.7667
   45.7526    14.8901
   47.8684     15.009
   50.0372     15.124
   52.2602    15.2355
   54.5388    15.3438
   56.8744    15.4493
   59.2684    15.5522
   61.7223     15.653
   64.2375    15.7519
   66.8156     15.849
   69.4582    15.9445
   72.1668    16.0387
   74.9432    16.1317
    77.789    16.2238
    80.706    16.3151
   83.6959    16.4057
   86.7605    16.4956
   89.9018    16.5851
   93.1217    16.6743
   96.4221    16.7634
    99.805    16.8524
   103.272    16.9413
   106.827    17.0302
    110.47    17.1189
   114.204    17.2074
   118.031    17.2957
   121.955    17.3836
   125.976    17.4711
   130.098    17.5583
   134.323    17.6451
   138.654    17.7316
   143.092    17.8177
   147.642    17.9037
   152.306    17.9894
   157.086     18.075
   161.986    18.1605
   167.009     18.246
   172.157    18.3319
   177.433     18.418
   182.842    18.5045
   188.386    18.5911
   194.068    18.6778
   199.893    18.7643
   205.863    18.8505
   211.983    18.9363
   218.255    19.0215
   224.685    19.1065
   231.275    19.1915
    238.03    19.2764
   244.954     19.361
   252.051     19.445
   259.325    19.5279
   266.781    19.6094
   274.424    19.6889
   282.258    19.7662
   290.288    19.8406
   298.519    19.9119
   306.955    19.9794
   315.602    20.0422
   324.466    20.0993
   333.551    20.1503
   342.864     20.195
   352.409    20.2328
   362.193    20.2623
   372.222    20.2824
   382.501    20.2923
