  0.421986 7.72336e-05
   1.27651 8.90431e-05
    2.1524 6.92092e-05
    3.0502 4.31282e-05
   3.97044 1.5872e-05
   4.91369 -6.52142e-06
   5.88054 -2.12268e-05
   6.87155 -2.8602e-05
   7.88735 -3.05373e-05
   8.92855 -2.91145e-05
   9.99579 -2.59772e-05
   11.0897 -2.22232e-05
    12.211 -1.849e-05
   13.3603 -1.50941e-05
   14.5384 -1.2158e-05
   15.7459 -9.69324e-06
   16.9836 -7.66926e-06
   18.2522 -6.03605e-06
   19.5526 -4.73863e-06
   20.8855 -3.74925e-06
   22.2517 -3.01996e-06
   23.6521 -2.49937e-06
   25.0875 -2.14245e-06
   26.5588 -1.90177e-06
   28.0669 -1.75673e-06
   29.6127 -1.67536e-06
   31.1972 -1.64807e-06
   32.8212 -1.6482e-06
   34.4859 -1.64385e-06
   36.1922 -1.5901e-06
   37.9412 -1.465e-06
   39.7339 -1.25353e-06
   41.5715 -9.7511e-07
   43.4549 -6.94143e-07
   45.3855 -4.43324e-07
   47.3644 -2.18918e-07
   49.3927 -5.65143e-08
   51.4718 1.11316e-08
   53.6029 1.5437e-08
   55.7872 1.69085e-08
   58.0262 2.9335e-08
   60.3211 -7.01903e-09
   62.6734 -1.06099e-07
   65.0846 -2.22839e-07
    67.556 -3.07265e-07
   70.0893 -3.15714e-07
   72.6859 -2.58758e-07
   75.3474 -1.70409e-07
   78.0755 -5.27138e-08
   80.8718 1.1847e-07
    83.738 3.17181e-07
   86.6759 4.70532e-07
   89.6872 5.16936e-07
   92.7739 4.7603e-07
   95.9377 4.26776e-07
   99.1806 4.12578e-07
   102.505 3.89482e-07
   105.912 3.64752e-07
   109.404 3.5984e-07
   112.984 3.28013e-07
   116.653 2.44846e-07
   120.414 1.98382e-07
   124.269 2.21605e-07
    128.22 2.40606e-07
   132.271 2.34411e-07
   136.422 2.20402e-07
   140.677 2.23136e-07
   145.039 2.34971e-07
    149.51 2.20174e-07
   154.092 1.76587e-07
   158.789 1.58923e-07
   163.604 1.59204e-07
   168.539 1.40291e-07
   173.597 1.25542e-07
   178.782 1.21608e-07
   184.097 1.42685e-07
   189.544 1.69251e-07
   195.128 1.54517e-07
   200.851 1.07362e-07
   206.717 7.61574e-08
    212.73 7.69737e-08
   218.894 4.81665e-08
   225.211 2.40556e-08
   231.687 -6.95958e-09
   238.324 -2.23551e-08
   245.128 -1.51376e-08
   252.101 -9.59948e-09
   259.249 -3.44804e-08
   266.576 -5.73979e-08
   274.086 -6.71548e-08
   281.783 -8.09925e-08
   289.673 -5.76761e-08
   297.761 -3.03148e-08
    306.05 -7.42182e-08
   314.547 -7.9598e-08
   323.257 -8.25489e-08
   332.184 -9.20585e-08
