  0.421986 0.000108323
   1.27651 9.89282e-05
    2.1524 9.0705e-05
    3.0502 8.15513e-05
   3.97044 7.18946e-05
   4.91369 6.29476e-05
   5.88054 5.54636e-05
   6.87155 4.95477e-05
   7.88735 4.49489e-05
   8.92855 4.13352e-05
   9.99579 3.84237e-05
   11.0897 3.60069e-05
    12.211 3.39426e-05
   13.3603 3.21377e-05
   14.5384 3.05323e-05
   15.7459 2.90897e-05
   16.9836 2.77843e-05
   18.2522 2.65952e-05
   19.5526 2.55045e-05
   20.8855 2.44936e-05
   22.2517 2.35488e-05
   23.6521 2.26626e-05
   25.0875 2.18319e-05
   26.5588 2.10582e-05
   28.0669 2.03436e-05
   29.6127 1.96882e-05
   31.1972 1.90876e-05
   32.8212 1.85363e-05
   34.4859 1.80307e-05
   36.1922 1.75665e-05
   37.9412 1.71403e-05
   39.7339 1.67538e-05
   41.5715 1.64105e-05
   43.4549 1.61077e-05
   45.3855 1.5839e-05
   47.3644 1.55935e-05
   49.3927 1.53517e-05
   51.4718 1.51055e-05
   53.6029 1.48644e-05
   55.7872 1.46361e-05
   58.0262 1.44141e-05
   60.3211  1.419e-05
   62.6734 1.39812e-05
   65.0846 1.38085e-05
    67.556 1.3673e-05
   70.0893 1.35671e-05
   72.6859 1.34778e-05
   75.3474 1.33974e-05
   78.0755 1.33234e-05
   80.8718 1.3252e-05
    83.738 1.3173e-05
   86.6759 1.30726e-05
   89.6872 1.29471e-05
   92.7739 1.28129e-05
   95.9377 1.26892e-05
   99.1806 1.25747e-05
   102.505 1.2452e-05
   105.912 1.23217e-05
   109.404 1.21898e-05
   112.984 1.20458e-05
   116.653 1.18891e-05
   120.414 1.17437e-05
   124.269 1.16045e-05
    128.22 1.14477e-05
   132.271 1.12779e-05
   136.422 1.10955e-05
   140.677 1.08904e-05
   145.039 1.06656e-05
    149.51 1.04211e-05
   154.092 1.01642e-05
   158.789 9.90248e-06
   163.604 9.63282e-06
   168.539 9.35863e-06
   173.597 9.0689e-06
   178.782 8.76998e-06
   184.097 8.48076e-06
   189.544 8.18301e-06
   195.128 7.85488e-06
   200.851 7.50785e-06
   206.717 7.16257e-06
    212.73 6.81868e-06
   218.894 6.47466e-06
   225.211 6.13634e-06
   231.687 5.79542e-06
   238.324 5.4586e-06
   245.128 5.13855e-06
   252.101 4.81912e-06
   259.249 4.51348e-06
   266.576 4.23752e-06
   274.086 3.98152e-06
   281.783 3.73233e-06
   289.673 3.50808e-06
   297.761 3.29681e-06
    306.05 3.11253e-06
   314.547 2.96865e-06
   323.257 2.85857e-06
   332.184 2.79263e-06
