  0.421986 2.09425e-08
   1.27651 8.25064e-07
    2.1524 3.91732e-06
    3.0502 1.01959e-05
   3.97044 1.91062e-05
   4.91369 2.90402e-05
   5.88054 3.82423e-05
   6.87155 4.54931e-05
   7.88735 5.03101e-05
   8.92855 5.27931e-05
   9.99579 5.33579e-05
   11.0897 5.25143e-05
    12.211 5.07357e-05
   13.3603 4.84039e-05
   14.5384 4.57991e-05
   15.7459 4.31125e-05
   16.9836 4.04661e-05
   18.2522 3.79331e-05
   19.5526 3.55538e-05
   20.8855 3.33478e-05
   22.2517 3.13217e-05
   23.6521 2.94751e-05
   25.0875 2.78073e-05
   26.5588 2.63172e-05
   28.0669 2.50033e-05
   29.6127 2.38623e-05
   31.1972 2.28889e-05
   32.8212 2.20728e-05
   34.4859 2.13962e-05
   36.1922 2.08316e-05
   37.9412 2.03457e-05
   39.7339 1.99084e-05
   41.5715 1.9501e-05
   43.4549 1.91183e-05
   45.3855 1.87638e-05
   47.3644 1.84467e-05
   49.3927 1.81801e-05
   51.4718 1.79753e-05
   53.6029 1.78394e-05
   55.7872 1.77738e-05
   58.0262 1.77746e-05
   60.3211 1.7837e-05
   62.6734 1.7961e-05
   65.0846 1.81535e-05
    67.556 1.84135e-05
   70.0893 1.87214e-05
   72.6859 1.90453e-05
   75.3474 1.93592e-05
   78.0755 1.96497e-05
   80.8718 1.98969e-05
    83.738 2.00686e-05
   86.6759 2.01412e-05
   89.6872 2.01181e-05
   92.7739 2.00382e-05
   95.9377 1.99452e-05
   99.1806 1.98512e-05
   102.505 1.97486e-05
   105.912 1.96352e-05
   109.404 1.95176e-05
   112.984 1.9407e-05
   116.653 1.93199e-05
   120.414 1.92523e-05
   124.269 1.91744e-05
    128.22 1.9056e-05
   132.271 1.88801e-05
   136.422 1.86419e-05
   140.677 1.83443e-05
   145.039 1.79665e-05
    149.51 1.75112e-05
   154.092 1.70337e-05
   158.789 1.65664e-05
   163.604 1.60779e-05
   168.539 1.55766e-05
   173.597 1.50736e-05
   178.782 1.45445e-05
   184.097 1.39635e-05
   189.544 1.33419e-05
   195.128 1.27029e-05
   200.851 1.20453e-05
   206.717 1.13667e-05
    212.73 1.0657e-05
   218.894 9.90944e-06
   225.211 9.11902e-06
   231.687 8.30057e-06
   238.324 7.45843e-06
   245.128 6.65073e-06
   252.101 5.88375e-06
   259.249 5.09045e-06
   266.576 4.2972e-06
   274.086 3.5392e-06
   281.783 2.83701e-06
   289.673 2.19019e-06
   297.761 1.58192e-06
    306.05 1.06685e-06
   314.547 6.69814e-07
   323.257 3.74888e-07
   332.184 2.09094e-07
