  0.421986 -6.14965e-07
   1.27651 -4.70835e-06
    2.1524 -1.57207e-05
    3.0502 -3.25905e-05
   3.97044 -4.99392e-05
   4.91369 -6.27172e-05
   5.88054 -6.88896e-05
   6.87155 -6.90876e-05
   7.88735 -6.51721e-05
   8.92855 -5.90782e-05
   9.99579 -5.22764e-05
   11.0897 -4.56806e-05
    12.211 -3.97554e-05
   13.3603 -3.46661e-05
   14.5384 -3.04027e-05
   15.7459 -2.68656e-05
   16.9836 -2.39254e-05
   18.2522 -2.14575e-05
   19.5526 -1.93607e-05
   20.8855 -1.75638e-05
   22.2517 -1.60087e-05
   23.6521 -1.46298e-05
   25.0875 -1.33549e-05
   26.5588 -1.21256e-05
   28.0669 -1.0903e-05
   29.6127 -9.65876e-06
   31.1972 -8.38177e-06
   32.8212 -7.08081e-06
   34.4859 -5.78058e-06
   36.1922 -4.52958e-06
   37.9412 -3.39272e-06
   39.7339 -2.41223e-06
   41.5715 -1.59709e-06
   43.4549 -9.37107e-07
   45.3855 -4.014e-07
   47.3644 5.10716e-08
   49.3927 4.52582e-07
   51.4718 8.43721e-07
   53.6029 1.29066e-06
   55.7872 1.8633e-06
   58.0262 2.58242e-06
   60.3211 3.40544e-06
   62.6734 4.30969e-06
   65.0846 5.31771e-06
    67.556 6.44279e-06
   70.0893 7.66933e-06
   72.6859 8.94838e-06
   75.3474 1.0213e-05
   78.0755 1.13994e-05
   80.8718 1.24539e-05
    83.738 1.33065e-05
   86.6759 1.38707e-05
   89.6872  1.414e-05
   92.7739 1.42226e-05
   95.9377 1.42311e-05
   99.1806 1.4225e-05
   102.505 1.41905e-05
   105.912 1.41355e-05
   109.404 1.41215e-05
   112.984 1.41565e-05
   116.653 1.42262e-05
   120.414 1.42928e-05
   124.269 1.43286e-05
    128.22 1.42932e-05
   132.271 1.41165e-05
   136.422 1.3832e-05
   140.677 1.35305e-05
   145.039 1.31611e-05
    149.51 1.26716e-05
   154.092 1.20679e-05
   158.789 1.1419e-05
   163.604 1.07899e-05
   168.539 1.01544e-05
   173.597 9.53038e-06
   178.782 8.89279e-06
   184.097 8.24815e-06
   189.544 7.52962e-06
   195.128 6.67997e-06
   200.851 5.73328e-06
   206.717 4.78971e-06
    212.73 3.85766e-06
   218.894 2.77207e-06
   225.211 1.57788e-06
   231.687 2.88644e-07
   238.324 -1.05513e-06
   245.128 -2.33921e-06
   252.101 -3.53751e-06
   259.249 -4.74137e-06
   266.576 -5.90847e-06
   274.086 -7.01613e-06
   281.783 -8.00923e-06
   289.673 -8.7368e-06
   297.761 -9.40052e-06
    306.05 -9.96601e-06
   314.547 -1.03509e-05
   323.257 -1.06917e-05
   332.184 -1.10227e-05
