  0.421986   0.421986
   1.27651    1.27365
    2.1524    2.13772
    3.0502    3.00196
   3.97044    3.84987
   4.91369     4.6648
   5.88054    5.43332
   6.87155    6.14686
   7.88735    6.80168
   8.92855     7.3979
   9.99579    7.93829
   11.0897    8.42713
    12.211    8.86938
   13.3603    9.27012
   14.5384    9.63421
   15.7459     9.9661
   16.9836    10.2698
   18.2522    10.5489
   19.5526    10.8064
   20.8855    11.0454
   22.2517     11.268
   23.6521    11.4767
   25.0875    11.6731
   26.5588    11.8592
   28.0669    12.0364
   29.6127    12.2062
   31.1972      12.37
   32.8212     12.529
   34.4859    12.6844
   36.1922    12.8372
   37.9412    12.9882
   39.7339    13.1381
   41.5715    13.2871
   43.4549    13.4355
   45.3855    13.5837
   47.3644    13.7318
   49.3927    13.8799
   51.4718    14.0284
   53.6029    14.1777
   55.7872    14.3281
   58.0262    14.4801
   60.3211    14.6342
   62.6734    14.7911
   65.0846    14.9513
    67.556     15.116
   70.0893    15.2861
   72.6859    15.4621
   75.3474    15.6443
   78.0755    15.8328
   80.8718    16.0277
    83.738    16.2287
   86.6759     16.435
   89.6872    16.6455
   92.7739    16.8593
   95.9377    17.0762
   99.1806    17.2965
   102.505    17.5204
   105.912    17.7478
   109.404    17.9788
   112.984    18.2137
   116.653    18.4526
   120.414    18.6962
   124.269    18.9451
    128.22     19.199
   132.271    19.4575
   136.422    19.7203
   140.677    19.9868
   145.039    20.2565
    149.51    20.5283
   154.092    20.8013
   158.789    21.0762
   163.604    21.3532
   168.539    21.6321
   173.597    21.9134
   178.782    22.1972
   184.097    22.4827
   189.544    22.7689
   195.128    23.0558
   200.851    23.3431
   206.717      23.63
    212.73    23.9161
   218.894    24.2001
   225.211    24.4806
   231.687    24.7561
   238.324    25.0253
   245.128    25.2869
   252.101    25.5412
   259.249     25.787
   266.576    26.0199
   274.086    26.2385
   281.783    26.4404
   289.673     26.623
   297.761    26.7829
    306.05    26.9149
   314.547    27.0192
   323.257     27.093
   332.184    27.1316
