  0.485889 4.67112e-05
   1.46982 5.36145e-05
   2.47835 4.12078e-05
    3.5121 2.36836e-05
    4.5717 4.20593e-06
   5.65779 -1.20725e-05
   6.77105 -2.21149e-05
   7.91214 -2.59087e-05
   9.08176 -2.51911e-05
   10.2806 -2.19995e-05
   11.5095 -1.79061e-05
   12.7691 -1.38601e-05
   14.0601 -1.03145e-05
   15.3835 -7.4118e-06
   16.7399 -5.13762e-06
   18.1303 -3.41607e-06
   19.5554 -2.15119e-06
   21.0162 -1.24322e-06
   22.5135 -6.02272e-07
   24.0483 -1.58955e-07
   25.6214 1.39313e-07
   27.2338 3.35084e-07
   28.8866 4.55094e-07
   30.5807 5.15056e-07
   32.3172 5.34321e-07
   34.0971 5.31293e-07
   35.9215 5.11994e-07
   37.7915 4.78232e-07
   39.7082 4.39807e-07
   41.6729 4.05978e-07
   43.6868 3.71606e-07
    45.751 3.3278e-07
   47.8668 2.93554e-07
   50.0355 2.56999e-07
   52.2584 2.25084e-07
   54.5369 1.95297e-07
   56.8725 1.65551e-07
   59.2664 1.42525e-07
   61.7201 1.33962e-07
   64.2352 1.26611e-07
   66.8133 1.08153e-07
   69.4557 8.69458e-08
   72.1643 7.38141e-08
   74.9406 6.98464e-08
   77.7863 6.87857e-08
   80.7032 6.68627e-08
    83.693 6.50055e-08
   86.7575 6.05061e-08
   89.8987 5.57309e-08
   93.1185 5.17171e-08
   96.4187 4.63581e-08
   99.8015 3.8615e-08
   103.269 3.02361e-08
   106.823 2.27748e-08
   110.466 1.67979e-08
     114.2 1.66492e-08
   118.027 2.17209e-08
    121.95 2.39671e-08
   125.972 2.33703e-08
   130.093 2.26047e-08
   134.318 1.84078e-08
   138.649 1.29625e-08
   143.087 1.00347e-08
   147.637 8.59383e-09
   152.301 5.67239e-09
   157.081 2.94751e-09
   161.981 -6.27262e-10
   167.003 -2.5368e-09
   172.151 1.88572e-09
   177.427 7.24777e-09
   182.835 9.69621e-09
   188.379 1.32228e-08
   194.061 1.47377e-08
   199.886 1.14108e-08
   205.856 7.94125e-09
   211.975 6.86997e-09
   218.248 5.42135e-09
   224.677 3.15875e-09
   231.267 3.26449e-09
   238.021 2.23798e-09
   244.945 4.06592e-09
   252.042 7.8195e-09
   259.316 8.69717e-09
   266.772 8.05934e-09
   274.415 6.6834e-09
   282.248 6.43098e-09
   290.278 1.00163e-08
   298.508 1.41416e-08
   306.944 1.37169e-08
   315.591 1.42511e-08
   324.455 1.49103e-08
    333.54 1.60014e-08
   342.852 1.69639e-08
   352.397 1.88525e-08
    362.18 2.33189e-08
   372.209 2.57292e-08
   382.488 2.48961e-08
