  0.485889 0.000596016
   1.46982 0.000544548
   2.47835 0.000508096
    3.5121 0.000472057
    4.5717 0.000437147
   5.65779 0.00041035
   6.77105 0.000395358
   7.91214 0.00039018
   9.08176 0.000389972
   10.2806 0.000390234
   11.5095 0.000388234
   12.7691 0.000382954
   14.0601 0.00037448
   15.3835 0.000363409
   16.7399 0.000350453
   18.1303 0.000336252
   19.5554 0.000321341
   21.0162 0.000306164
   22.5135 0.000291073
   24.0483 0.000276304
   25.6214 0.000262001
   27.2338 0.000248252
   28.8866 0.000235101
   30.5807 0.000222581
   32.3172 0.000210731
   34.0971 0.000199559
   35.9215 0.00018902
   37.7915 0.000179062
   39.7082 0.000169659
   41.6729 0.000160785
   43.6868 0.000152398
    45.751 0.000144476
   47.8668 0.000137025
   50.0355 0.00013002
   52.2584 0.000123428
   54.5369 0.000117224
   56.8725 0.000111401
   59.2664 0.000105964
   61.7201 0.000100885
   64.2352 9.60905e-05
   66.8133 9.15346e-05
   69.4557 8.72324e-05
   72.1643 8.31954e-05
   74.9406 7.9399e-05
   77.7863 7.57939e-05
   80.7032 7.23542e-05
    83.693 6.90875e-05
   86.7575 6.60032e-05
   89.8987 6.31047e-05
   93.1185 6.03598e-05
   96.4187 5.77287e-05
   99.8015 5.51971e-05
   103.269 5.27694e-05
   106.823 5.04525e-05
   110.466 4.82451e-05
     114.2 4.61495e-05
   118.027 4.41575e-05
    121.95 4.22504e-05
   125.972  4.043e-05
   130.093 3.86968e-05
   134.318 3.70244e-05
   138.649 3.5407e-05
   143.087 3.38588e-05
   147.637 3.23859e-05
   152.301 3.09886e-05
   157.081 2.96622e-05
   161.981 2.83847e-05
   167.003 2.71482e-05
   172.151 2.59556e-05
   177.427 2.47979e-05
   182.835 2.36794e-05
   188.379 2.26113e-05
   194.061 2.15781e-05
   199.886 2.05698e-05
   205.856 1.95884e-05
   211.975 1.86367e-05
   218.248 1.77265e-05
   224.677 1.68576e-05
   231.267 1.6022e-05
   238.021 1.52045e-05
   244.945 1.44051e-05
   252.042 1.36297e-05
   259.316 1.28839e-05
   266.772 1.21661e-05
   274.415 1.14752e-05
   282.248 1.08264e-05
   290.278 1.02264e-05
   298.508 9.6613e-06
   306.944 9.1118e-06
   315.591 8.59892e-06
   324.455 8.14868e-06
    333.54 7.7594e-06
   342.852 7.41812e-06
   352.397 7.12105e-06
    362.18 6.87799e-06
   372.209 6.70632e-06
   382.488 6.61389e-06
