  0.485889 2.44537e-08
   1.46982 1.02076e-06
   2.47835 4.97765e-06
    3.5121 1.34269e-05
    4.5717 2.62226e-05
   5.65779 4.15097e-05
   6.77105 5.66443e-05
   7.91214 6.93171e-05
   9.08176 7.82133e-05
   10.2806 8.30628e-05
   11.5095 8.43248e-05
   12.7691 8.28023e-05
   14.0601 7.93504e-05
   15.3835 7.47171e-05
   16.7399 6.94835e-05
   18.1303 6.40637e-05
   19.5554 5.87321e-05
   21.0162 5.36567e-05
   22.5135 4.89305e-05
   24.0483 4.45963e-05
   25.6214 4.06644e-05
   27.2338 3.71246e-05
   28.8866 3.39543e-05
   30.5807 3.11252e-05
   32.3172 2.86074e-05
   34.0971 2.63693e-05
   35.9215 2.43775e-05
   37.7915 2.25996e-05
   39.7082 2.1006e-05
   41.6729 1.95713e-05
   43.6868 1.8275e-05
    45.751 1.71021e-05
   47.8668 1.60413e-05
   50.0355 1.50809e-05
   52.2584 1.42072e-05
   54.5369 1.34081e-05
   56.8725 1.26768e-05
   59.2664 1.20086e-05
   61.7201 1.13962e-05
   64.2352 1.08298e-05
   66.8133 1.03033e-05
   69.4557 9.81491e-06
   72.1643 9.36475e-06
   74.9406 8.94982e-06
   77.7863 8.56413e-06
   80.7032 8.20214e-06
    83.693 7.86047e-06
   86.7575 7.53927e-06
   89.8987 7.24037e-06
   93.1185 6.96309e-06
   96.4187 6.70288e-06
   99.8015 6.45342e-06
   103.269 6.20988e-06
   106.823 5.97078e-06
   110.466 5.73713e-06
     114.2 5.51128e-06
   118.027 5.29445e-06
    121.95 5.08488e-06
   125.972 4.87952e-06
   130.093 4.67651e-06
   134.318 4.47623e-06
   138.649 4.28127e-06
   143.087 4.09358e-06
   147.637 3.91266e-06
   152.301 3.73788e-06
   157.081 3.57057e-06
   161.981 3.41361e-06
   167.003 3.26703e-06
   172.151 3.12579e-06
   177.427 2.98499e-06
   182.835 2.84332e-06
   188.379 2.70172e-06
   194.061 2.56154e-06
   199.886 2.42366e-06
   205.856 2.28618e-06
   211.975 2.14767e-06
   218.248 2.01394e-06
   224.677 1.88951e-06
   231.267 1.76928e-06
   238.021 1.6484e-06
   244.945 1.52895e-06
   252.042 1.41208e-06
   259.316 1.29659e-06
   266.772 1.18146e-06
   274.415 1.06549e-06
   282.248 9.49515e-07
   290.278 8.34055e-07
   298.508 7.19143e-07
   306.944 6.07635e-07
   315.591 5.0197e-07
   324.455 4.04656e-07
    333.54 3.19387e-07
   342.852 2.4498e-07
   352.397 1.79582e-07
    362.18 1.2471e-07
   372.209 8.52161e-08
   382.488 6.54815e-08
