  0.485889 6.59563e-05
   1.46982 6.02608e-05
   2.47835 5.62269e-05
    3.5121 5.22387e-05
    4.5717 4.83755e-05
   5.65779 4.54101e-05
   6.77105 4.37511e-05
   7.91214 4.31781e-05
   9.08176 4.31551e-05
   10.2806 4.31841e-05
   11.5095 4.29627e-05
   12.7691 4.23785e-05
   14.0601 4.14407e-05
   15.3835 4.02155e-05
   16.7399 3.87818e-05
   18.1303 3.72103e-05
   19.5554 3.55602e-05
   21.0162 3.38807e-05
   22.5135 3.22107e-05
   24.0483 3.05763e-05
   25.6214 2.89935e-05
   27.2338 2.7472e-05
   28.8866 2.60168e-05
   30.5807 2.46313e-05
   32.3172 2.33199e-05
   34.0971 2.20836e-05
   35.9215 2.09173e-05
   37.7915 1.98154e-05
   39.7082 1.87748e-05
   41.6729 1.77928e-05
   43.6868 1.68646e-05
    45.751 1.5988e-05
   47.8668 1.51635e-05
   50.0355 1.43883e-05
   52.2584 1.36587e-05
   54.5369 1.29722e-05
   56.8725 1.23279e-05
   59.2664 1.17261e-05
   61.7201 1.11642e-05
   64.2352 1.06336e-05
   66.8133 1.01294e-05
   69.4557 9.65331e-06
   72.1643 9.20657e-06
   74.9406 8.78645e-06
   77.7863 8.3875e-06
   80.7032 8.00685e-06
    83.693 7.64536e-06
   86.7575 7.30404e-06
   89.8987 6.98329e-06
   93.1185 6.67953e-06
   96.4187 6.38837e-06
   99.8015 6.10822e-06
   103.269 5.83956e-06
   106.823 5.58317e-06
   110.466 5.33889e-06
     114.2 5.10699e-06
   118.027 4.88655e-06
    121.95 4.67551e-06
   125.972 4.47406e-06
   130.093 4.28227e-06
   134.318 4.09719e-06
   138.649 3.91821e-06
   143.087 3.74688e-06
   147.637 3.58388e-06
   152.301 3.42925e-06
   157.081 3.28247e-06
   161.981 3.14111e-06
   167.003 3.00427e-06
   172.151 2.8723e-06
   177.427 2.74419e-06
   182.835 2.62041e-06
   188.379 2.50221e-06
   194.061 2.38787e-06
   199.886 2.27629e-06
   205.856 2.16769e-06
   211.975 2.06237e-06
   218.248 1.96164e-06
   224.677 1.8655e-06
   231.267 1.77303e-06
   238.021 1.68256e-06
   244.945 1.5941e-06
   252.042 1.50829e-06
   259.316 1.42576e-06
   266.772 1.34633e-06
   274.415 1.26987e-06
   282.248 1.19807e-06
   290.278 1.13167e-06
   298.508 1.06914e-06
   306.944 1.00833e-06
   315.591 9.51573e-07
   324.455 9.01749e-07
    333.54 8.5867e-07
   342.852 8.20903e-07
   352.397 7.88029e-07
    362.18 7.61131e-07
   372.209 7.42135e-07
   382.488 7.31905e-07
