  0.485889 -2.23372e-07
   1.46982 -1.69443e-06
   2.47835 -5.4961e-06
    3.5121 -1.05958e-05
    4.5717 -1.39313e-05
   5.65779 -1.30115e-05
   6.77105 -7.72141e-06
   7.91214 1.14945e-07
   9.08176 8.20238e-06
   10.2806 1.48572e-05
   11.5095 1.93146e-05
   12.7691 2.15411e-05
   14.0601 2.19095e-05
   15.3835 2.09341e-05
   16.7399 1.91078e-05
   18.1303 1.68291e-05
   19.5554 1.43871e-05
   21.0162 1.19776e-05
   22.5135 9.72326e-06
   24.0483 7.6909e-06
   25.6214 5.90804e-06
   27.2338 4.37918e-06
   28.8866 3.09429e-06
   30.5807 2.03308e-06
   32.3172 1.17271e-06
   34.0971 4.89243e-07
   35.9215 -4.6856e-08
   37.7915 -4.65722e-07
   39.7082 -7.89439e-07
   41.6729 -1.03829e-06
   43.6868 -1.23676e-06
    45.751 -1.40134e-06
   47.8668 -1.53586e-06
   50.0355 -1.64016e-06
   52.2584 -1.71774e-06
   54.5369 -1.77456e-06
   56.8725 -1.81062e-06
   59.2664 -1.81838e-06
   61.7201 -1.7952e-06
   64.2352 -1.75622e-06
   66.8133 -1.7186e-06
   69.4557 -1.68235e-06
   72.1643 -1.63806e-06
   74.9406 -1.57923e-06
   77.7863 -1.50685e-06
   80.7032 -1.4278e-06
    83.693 -1.3489e-06
   86.7575 -1.27549e-06
   89.8987 -1.20237e-06
   93.1185 -1.11826e-06
   96.4187 -1.02186e-06
   99.8015 -9.21701e-07
   103.269 -8.28407e-07
   106.823 -7.46671e-07
   110.466 -6.75816e-07
     114.2 -6.1316e-07
   118.027 -5.55453e-07
    121.95 -5.03028e-07
   125.972 -4.57594e-07
   130.093 -4.22428e-07
   134.318 -3.99347e-07
   138.649 -3.84208e-07
   143.087 -3.70651e-07
   147.637 -3.56587e-07
   152.301 -3.41289e-07
   157.081 -3.24022e-07
   161.981 -3.12616e-07
   167.003 -3.0851e-07
   172.151 -3.04228e-07
   177.427 -2.96817e-07
   182.835 -2.90205e-07
   188.379 -2.87335e-07
   194.061 -2.93311e-07
   199.886 -3.13353e-07
   205.856 -3.40774e-07
   211.975 -3.60716e-07
   218.248 -3.64589e-07
   224.677 -3.57059e-07
   231.267 -3.45286e-07
   238.021 -3.34536e-07
   244.945 -3.26426e-07
   252.042 -3.3107e-07
   259.316 -3.53785e-07
   266.772 -3.86962e-07
   274.415 -4.26864e-07
   282.248 -4.67949e-07
   290.278 -5.01838e-07
   298.508 -5.28567e-07
   306.944 -5.55052e-07
   315.591 -5.71085e-07
   324.455 -5.79092e-07
    333.54 -5.88372e-07
   342.852 -5.99138e-07
   352.397 -6.13866e-07
    362.18 -6.24219e-07
   372.209 -6.38568e-07
   382.488 -6.55159e-07
