  0.485889   0.485889
   1.46982    1.46646
   2.47835    2.46238
    3.5121    3.46203
    4.5717    4.44883
   5.65779     5.4045
   6.77105    6.31257
   7.91214    7.16087
   9.08176    7.94236
   10.2806    8.65473
   11.5095    9.29932
   12.7691    9.87993
   14.0601    10.4018
   15.3835    10.8706
   16.7399    11.2922
   18.1303    11.6722
   19.5554    12.0156
   21.0162     12.327
   22.5135    12.6104
   24.0483    12.8694
   25.6214    13.1071
   27.2338    13.3261
   28.8866    13.5289
   30.5807    13.7175
   32.3172    13.8938
   34.0971    14.0592
   35.9215    14.2152
   37.7915    14.3629
   39.7082    14.5033
   41.6729    14.6372
   43.6868    14.7654
    45.751    14.8885
   47.8668    15.0071
   50.0355    15.1217
   52.2584    15.2327
   54.5369    15.3406
   56.8725    15.4458
   59.2664    15.5485
   61.7201     15.649
   64.2352    15.7476
   66.8133    15.8445
   69.4557    15.9399
   72.1643     16.034
   74.9406    16.1269
   77.7863    16.2189
   80.7032    16.3102
    83.693    16.4008
   86.7575    16.4909
   89.8987    16.5805
   93.1185    16.6698
   96.4187    16.7589
   99.8015     16.848
   103.269     16.937
   106.823    17.0259
   110.466    17.1146
     114.2    17.2031
   118.027    17.2914
    121.95    17.3795
   125.972    17.4674
   130.093    17.5551
   134.318    17.6425
   138.649    17.7295
   143.087    17.8162
   147.637    17.9025
   152.301    17.9886
   157.081    18.0744
   161.981    18.1601
   167.003    18.2458
   172.151    18.3319
   177.427    18.4182
   182.835    18.5048
   188.379    18.5915
   194.061    18.6782
   199.886    18.7648
   205.856    18.8513
   211.975    18.9372
   218.248    19.0224
   224.677    19.1071
   231.267    19.1916
   238.021    19.2758
   244.945    19.3596
   252.042    19.4428
   259.316    19.5254
   266.772     19.607
   274.415    19.6872
   282.248    19.7655
   290.278    19.8411
   298.508    19.9137
   306.944    19.9824
   315.591    20.0464
   324.455    20.1049
    333.54    20.1572
   342.852    20.2033
   352.397    20.2427
    362.18    20.2739
   372.209     20.295
   382.488    20.3054
