  0.399071 7.3991e-05
   1.20719 8.46146e-05
   2.03552 6.49408e-05
   2.88456 3.9575e-05
   3.75483 1.35057e-05
   4.64687 -7.55133e-06
   5.56121 -2.10622e-05
   6.49841 -2.75398e-05
   7.45905 -2.89197e-05
   8.44371 -2.72537e-05
   9.45299 -2.41117e-05
   10.4875 -2.05027e-05
   11.5479 -1.69858e-05
   12.6348 -1.38224e-05
   13.7489 -1.11048e-05
   14.8908 -8.83093e-06
   16.0613 -6.96616e-06
   17.2611 -5.46208e-06
   18.4908 -4.26605e-06
   19.7514 -3.35833e-06
   21.0434 -2.70481e-06
   22.3677 -2.26254e-06
   23.7252 -1.97638e-06
   25.1166 -1.79373e-06
   26.5428 -1.69792e-06
   28.0047 -1.65083e-06
   29.5031 -1.64087e-06
   31.0389 -1.64857e-06
   32.6132 -1.6497e-06
   34.2269 -1.6005e-06
   35.8809 -1.47995e-06
   37.5763 -1.26788e-06
    39.314 -9.82183e-07
   41.0952 -6.8625e-07
    42.921 -4.09811e-07
   44.7924 -1.57624e-07
   46.7106 1.65876e-08
   48.6767 7.97597e-08
   50.6921 8.13268e-08
   52.7578 9.49982e-08
   54.8752 1.26805e-07
   57.0455 9.38987e-08
   59.2701 -1.95501e-08
   61.5503 -1.53377e-07
   63.8876 -2.53394e-07
   66.2832 -2.72591e-07
   68.7388 -2.21141e-07
   71.2558 -1.35617e-07
   73.8358 -1.72608e-08
   76.4802 1.58352e-07
   79.1908 3.62817e-07
   81.9691 5.1664e-07
   84.8169 5.49532e-07
    87.736 4.90975e-07
    90.728 4.29094e-07
   93.7949 4.08756e-07
   96.9384 3.78178e-07
   100.161 3.45112e-07
   103.463 3.35084e-07
   106.849 2.95233e-07
   110.318 1.99515e-07
   113.875 1.48025e-07
   117.521 1.77361e-07
   121.258 1.99848e-07
   125.088 1.94385e-07
   129.014 1.74647e-07
   133.038 1.7251e-07
   137.163 1.81179e-07
   141.391 1.6095e-07
   145.725 1.11143e-07
   150.167 8.90095e-08
    154.72 8.84619e-08
   159.387 6.88906e-08
   164.171 5.5445e-08
   169.074 5.4786e-08
     174.1 8.22284e-08
   179.251 1.1513e-07
   184.532 1.00511e-07
   189.944 5.44676e-08
   195.492 2.99138e-08
   201.179 4.0627e-08
   207.007 2.10061e-08
   212.982 4.59887e-09
   219.106 -2.24919e-08
   225.383 -3.11512e-08
   231.817 -2.28434e-08
   238.411 -8.78738e-09
   245.171 -2.44937e-08
     252.1 -4.34085e-08
   259.202 -3.47912e-08
   266.482 -4.22538e-08
   273.943 -2.60477e-08
   281.592 1.25247e-08
   289.431 -4.34211e-08
   297.467 -4.05266e-08
   305.703 -2.45837e-08
   314.145 -2.46769e-08
