  0.399071 0.000104125
   1.20719 9.45195e-05
   2.03552 8.60781e-05
   2.88456 7.67265e-05
   3.75483 6.69166e-05
   4.64687 5.78662e-05
   5.56121 5.03396e-05
   6.49841 4.44559e-05
   7.45905 3.99647e-05
   8.44371 3.65222e-05
   9.45299 3.3829e-05
   10.4875 3.16627e-05
   11.5479 2.98686e-05
   12.6348 2.83428e-05
   13.7489 2.70174e-05
   14.8908 2.58504e-05
   16.0613 2.48136e-05
   17.2611 2.38849e-05
   18.4908 2.30458e-05
   19.7514 2.22765e-05
   21.0434  2.156e-05
   22.3677 2.08855e-05
   23.7252 2.0252e-05
   25.1166 1.96629e-05
   26.5428 1.91217e-05
   28.0047 1.86319e-05
   29.5031 1.81913e-05
   31.0389 1.7793e-05
   32.6132 1.74325e-05
   34.2269 1.71084e-05
   35.8809 1.68176e-05
   37.5763 1.65603e-05
    39.314 1.63395e-05
   41.0952 1.6154e-05
    42.921 1.60006e-05
   44.7924 1.5867e-05
   46.7106 1.57279e-05
   48.6767 1.55736e-05
   50.6921 1.54186e-05
   52.7578 1.52739e-05
   54.8752  1.513e-05
   57.0455 1.49757e-05
   59.2701 1.48317e-05
   61.5503 1.47247e-05
   63.8876 1.46573e-05
   66.2832 1.46201e-05
   68.7388 1.45957e-05
   71.2558 1.45745e-05
   73.8358 1.45548e-05
   76.4802 1.45337e-05
   79.1908 1.45008e-05
   81.9691 1.44407e-05
   84.8169 1.43479e-05
    87.736 1.42408e-05
    90.728 1.41425e-05
   93.7949 1.40531e-05
   96.9384 1.39522e-05
   100.161 1.38403e-05
   103.463 1.37251e-05
   106.849 1.3595e-05
   110.318 1.34469e-05
   113.875 1.33095e-05
   117.521 1.3178e-05
   121.258 1.30228e-05
   125.088 1.28504e-05
   129.014 1.26604e-05
   133.038 1.24426e-05
   137.163 1.22004e-05
   141.391 1.19323e-05
   145.725 1.16479e-05
   150.167 1.13559e-05
    154.72 1.10535e-05
   159.387 1.07457e-05
   164.171 1.04182e-05
   169.074 1.00776e-05
     174.1 9.7454e-06
   179.251 9.39864e-06
   184.532 9.01347e-06
   189.944 8.60577e-06
   195.492 8.20113e-06
   201.179 7.79698e-06
   207.007 7.39154e-06
   212.982 6.9927e-06
   219.106 6.58876e-06
   225.383 6.18833e-06
   231.817 5.80859e-06
   238.411 5.42997e-06
   245.171 5.0678e-06
     252.1 4.74077e-06
   259.202 4.43644e-06
   266.482 4.1391e-06
   273.943 3.87106e-06
   281.592 3.61963e-06
   289.431 3.4031e-06
   297.467 3.23567e-06
   305.703 3.10931e-06
   314.145 3.03542e-06
