  0.399071 1.82762e-08
   1.20719 7.08319e-07
   2.03552 3.34381e-06
   2.88456 8.64511e-06
   3.75483 1.60846e-05
   4.64687 2.42914e-05
   5.56121 3.18341e-05
   6.49841 3.77632e-05
   7.45905 4.17362e-05
   8.44371 4.38647e-05
   9.45299 4.44915e-05
   10.4875 4.40179e-05
   11.5479 4.28091e-05
   12.6348 4.1157e-05
   13.7489 3.92753e-05
   14.8908 3.73101e-05
   16.0613 3.53548e-05
   17.2611 3.34663e-05
   18.4908 3.16774e-05
   19.7514 3.00067e-05
   21.0434 2.84637e-05
   22.3677 2.70538e-05
   23.7252 2.57824e-05
   25.1166 2.4654e-05
   26.5428 2.36728e-05
   28.0047 2.2842e-05
   29.5031 2.21626e-05
   31.0389 2.16286e-05
   32.6132 2.12239e-05
   34.2269 2.09192e-05
   35.8809 2.06754e-05
   37.5763 2.04553e-05
    39.314 2.02365e-05
   41.0952 2.00182e-05
    42.921 1.98145e-05
   44.7924 1.96427e-05
   46.7106 1.95193e-05
   48.6767 1.94585e-05
   50.6921 1.94714e-05
   52.7578 1.95646e-05
   54.8752 1.97405e-05
   57.0455 1.99962e-05
   59.2701 2.03328e-05
   61.5503 2.07593e-05
   63.8876 2.12734e-05
   66.2832 2.1846e-05
   68.7388 2.24329e-05
   71.2558 2.29994e-05
   73.8358 2.35262e-05
   76.4802 2.39852e-05
   79.1908 2.43316e-05
   81.9691 2.45317e-05
   84.8169 2.45937e-05
    87.736 2.4575e-05
    90.728 2.45353e-05
   93.7949  2.449e-05
   96.9384 2.44287e-05
   100.161 2.4349e-05
   103.463 2.42622e-05
   106.849 2.41837e-05
   110.318 2.41378e-05
   113.875 2.41255e-05
   117.521 2.41086e-05
   121.258  2.404e-05
   125.088 2.38923e-05
   129.014 2.36684e-05
   133.038 2.33779e-05
   137.163 2.29791e-05
   141.391 2.24671e-05
   145.725 2.19194e-05
   150.167 2.13798e-05
    154.72 2.08016e-05
   159.387 2.01926e-05
   164.171 1.95705e-05
   169.074 1.89178e-05
     174.1 1.82065e-05
   179.251 1.74459e-05
   184.532 1.66611e-05
   189.944 1.58355e-05
   195.492 1.49595e-05
   201.179 1.40324e-05
   207.007 1.30429e-05
   212.982 1.19797e-05
   219.106 1.08862e-05
   225.383 9.76383e-06
   231.817 8.69407e-06
   238.411 7.68413e-06
   245.171 6.64287e-06
     252.1 5.59092e-06
   259.202 4.57416e-06
   266.482 3.63166e-06
   273.943 2.77361e-06
   281.592 1.97855e-06
   289.431 1.31143e-06
   297.467 7.98046e-07
   305.703 4.13257e-07
   314.145 1.93358e-07
