  0.399071 -5.95639e-07
   1.20719 -4.55129e-06
   2.03552 -1.51119e-05
   2.88456 -3.11076e-05
   3.75483 -4.73355e-05
   4.64687 -5.90957e-05
   5.56121 -6.46145e-05
   6.49841 -6.46055e-05
   7.45905 -6.0882e-05
   8.44371 -5.5268e-05
   9.45299 -4.91085e-05
   10.4875 -4.32081e-05
   11.5479 -3.79537e-05
   12.6348 -3.34674e-05
   13.7489 -2.97244e-05
   14.8908 -2.66275e-05
   16.0613 -2.40558e-05
   17.2611 -2.18938e-05
   18.4908 -2.0049e-05
   19.7514 -1.84615e-05
   21.0434 -1.70885e-05
   22.3677 -1.58733e-05
   23.7252 -1.47355e-05
   25.1166 -1.36089e-05
   26.5428 -1.24552e-05
   28.0047 -1.12437e-05
   29.5031 -9.96018e-06
   31.0389 -8.61755e-06
   32.6132 -7.24955e-06
   34.2269 -5.92055e-06
   35.8809 -4.71527e-06
   37.5763 -3.68602e-06
    39.314 -2.8417e-06
   41.0952 -2.16265e-06
    42.921 -1.603e-06
   44.7924 -1.11779e-06
   46.7106 -6.84641e-07
   48.6767 -2.65105e-07
   50.6921 2.18931e-07
   52.7578 8.52812e-07
   54.8752 1.66506e-06
   57.0455 2.60008e-06
   59.2701 3.62649e-06
   61.5503 4.77762e-06
   63.8876 6.07025e-06
   66.2832 7.48692e-06
   68.7388 8.97189e-06
   71.2558 1.04473e-05
   73.8358 1.18391e-05
   76.4802 1.30765e-05
   79.1908 1.40739e-05
   81.9691 1.47341e-05
   84.8169 1.50469e-05
    87.736 1.51397e-05
    90.728 1.51532e-05
   93.7949 1.51614e-05
   96.9384 1.51469e-05
   100.161 1.51152e-05
   103.463 1.51299e-05
   106.849 1.51896e-05
   110.318 1.52731e-05
   113.875 1.53462e-05
   117.521 1.53919e-05
   121.258 1.53608e-05
   125.088 1.51619e-05
   129.014 1.48391e-05
   133.038 1.45108e-05
   137.163 1.41147e-05
   141.391 1.35817e-05
   145.725 1.29081e-05
   150.167 1.21719e-05
    154.72 1.14733e-05
   159.387 1.07872e-05
   164.171 1.01265e-05
   169.074 9.45611e-06
     174.1 8.77665e-06
   179.251 8.01002e-06
   184.532 7.09113e-06
   189.944 6.06262e-06
   195.492 5.05153e-06
   201.179 4.07296e-06
   207.007 2.9142e-06
   212.982 1.62976e-06
   219.106 2.32653e-07
   225.383 -1.21773e-06
   231.817 -2.62409e-06
   238.411 -3.9593e-06
   245.171 -5.29676e-06
     252.1 -6.59118e-06
   259.202 -7.79814e-06
   266.482 -8.89106e-06
   273.943 -9.68835e-06
   281.592 -1.04028e-05
   289.431 -1.1019e-05
   297.467 -1.14552e-05
   305.703 -1.18782e-05
   314.145 -1.22877e-05
