  0.399071   0.399071
   1.20719    1.20458
   2.03552     2.0219
   2.88456    2.83926
   3.75483    3.64093
   4.64687    4.41122
   5.56121    5.13778
   6.49841    5.81297
   7.45905    6.43372
   8.44371    7.00048
   9.45299    7.51605
   10.4875    7.98449
   11.5479    8.41036
   12.6348    8.79831
   13.7489    9.15272
   14.8908    9.47759
   16.0613    9.77652
   17.2611    10.0527
   18.4908    10.3091
   19.7514    10.5481
   21.0434     10.772
   22.3677     10.983
   23.7252    11.1827
   25.1166    11.3729
   26.5428     11.555
   28.0047    11.7307
   29.5031    11.9011
   31.0389    12.0677
   32.6132    12.2318
   34.2269    12.3944
   35.8809    12.5565
   37.5763    12.7186
    39.314    12.8812
   41.0952    13.0444
    42.921    13.2083
   44.7924    13.3731
   46.7106    13.5389
   48.6767    13.7059
   50.6921    13.8746
   52.7578    14.0455
   54.8752     14.219
   57.0455     14.396
   59.2701     14.577
   61.5503    14.7631
   63.8876    14.9556
   66.2832    15.1555
   68.7388    15.3637
   71.2558    15.5804
   73.8358    15.8058
   76.4802    16.0399
   79.1908    16.2821
   81.9691    16.5314
   84.8169    16.7865
    87.736    17.0459
    90.728    17.3094
   93.7949    17.5773
   96.9384    17.8497
   100.161    18.1266
   103.463    18.4081
   106.849    18.6945
   110.318     18.986
   113.875    19.2836
   117.521     19.588
   121.258    19.8992
   125.088    20.2165
   129.014    20.5397
   133.038    20.8684
   137.163     21.202
   141.391    21.5388
   145.725    21.8777
   150.167    22.2197
    154.72    22.5648
   159.387    22.9125
   164.171    23.2635
   169.074    23.6176
     174.1    23.9744
   179.251    24.3326
   184.532    24.6925
   189.944    25.0537
   195.492    25.4145
   201.179     25.774
   207.007    26.1305
   212.982    26.4818
   219.106    26.8261
   225.383    27.1617
   231.817     27.487
   238.411    27.8029
   245.171    28.1079
     252.1    28.3967
   259.202    28.6674
   266.482    28.9166
   273.943    29.1407
   281.592    29.3371
   289.431    29.4999
   297.467    29.6296
   305.703     29.722
   314.145    29.7707
