  0.221235 4.6048e-06
  0.669237 4.88853e-06
   1.12844 3.9146e-06
   1.59913 3.22635e-06
   2.08159 2.61291e-06
   2.57611 1.93817e-06
   3.08299 1.15667e-06
   3.60256 3.15759e-07
   4.13511 -4.7628e-07
   4.68098 -1.10183e-06
    5.2405 -1.48967e-06
   5.81401 -1.63591e-06
   6.40187 -1.59675e-06
   7.00442 -1.44631e-06
   7.62204 -1.25269e-06
    8.2551 -1.05662e-06
   8.90399 -8.79831e-07
   9.56911 -7.19793e-07
   10.2509 -5.68564e-07
   10.9497 -4.3108e-07
   11.6659 -3.12591e-07
   12.4001 -2.21844e-07
   13.1527 -1.87064e-07
    13.924 -1.97007e-07
   14.7147 -2.53437e-07
   15.5251 -3.26316e-07
   16.3558 -4.17792e-07
   17.2072 -5.20307e-07
     18.08 -6.56294e-07
   18.9745 -8.14308e-07
   19.8915 -9.42896e-07
   20.8313 -9.78144e-07
   21.7947 -8.83809e-07
   22.7822 -6.52656e-07
   23.7943 -3.17783e-07
   24.8318 2.91793e-08
   25.8952 2.35399e-07
   26.9852 2.39967e-07
   28.1024 1.87666e-07
   29.2476 2.64765e-07
   30.4214 4.21613e-07
   31.6246 4.33069e-07
   32.8579 2.58405e-07
    34.122 1.4755e-09
   35.4177 -2.29487e-07
   36.7458 -3.57991e-07
   38.1071 -4.0204e-07
   39.5025 -3.88389e-07
   40.9327 -2.99925e-07
   42.3987 -9.70211e-08
   43.9014 1.54828e-07
   45.4416 2.96107e-07
   47.0204 2.66706e-07
   48.6386 1.61311e-07
   50.2974 6.7606e-08
   51.9975 1.97175e-08
   53.7402 3.1529e-08
   55.5265 7.78195e-08
   57.3574 1.09126e-07
   59.2342 7.29059e-08
   61.1578 -3.43116e-08
   63.1296 -7.16816e-08
   65.1506 1.13798e-08
   67.2222 5.37673e-08
   69.3456 5.7921e-08
   71.5221 6.83393e-08
    73.753 6.56351e-08
   76.0398 5.91516e-08
   78.3836 5.34216e-08
   80.7861 5.26869e-08
   83.2487 5.37869e-08
   85.7729 4.48963e-08
   88.3601 2.83141e-08
   91.0121 1.52448e-08
   93.7304 8.20026e-09
   96.5166 4.28377e-09
   99.3725 2.25733e-09
     102.3 1.30441e-09
     105.3 8.0349e-10
   108.376 5.10144e-10
   111.528 3.31049e-10
    114.76 2.1894e-10
   118.072 1.4718e-10
   121.467 1.00379e-10
   124.947 6.93607e-11
   128.513 4.85169e-11
   132.169 3.43513e-11
   135.917 2.46282e-11
   139.758 1.78985e-11
   143.695 1.32152e-11
   147.731 9.95271e-12
   151.867 7.70213e-12
   156.107 6.20364e-12
   160.453 5.27154e-12
   164.908 4.66668e-12
   169.474 3.88131e-12
   174.154 1.93751e-12
