  0.221235 6.76777e-06
  0.669237 5.73823e-06
   1.12844 5.09556e-06
   1.59913 4.70461e-06
   2.08159 4.47027e-06
   2.57611 4.32215e-06
   3.08299 4.21215e-06
   3.60256 4.11899e-06
   4.13511 4.04637e-06
   4.68098 4.01106e-06
    5.2405 4.02681e-06
   5.81401 4.0954e-06
   6.40187 4.20664e-06
   7.00442 4.34683e-06
   7.62204 4.50505e-06
    8.2551 4.67673e-06
   8.90399 4.86068e-06
   9.56911 5.05663e-06
   10.2509 5.26264e-06
   10.9497 5.47265e-06
   11.6659 5.67782e-06
   12.4001 5.8683e-06
   13.1527 6.0363e-06
    13.924 6.17902e-06
   14.7147 6.30081e-06
   15.5251 6.41124e-06
   16.3558   6.52e-06
   17.2072 6.62889e-06
     18.08 6.73058e-06
   18.9745 6.81664e-06
   19.8915 6.88746e-06
   20.8313 6.9523e-06
   21.7947 7.02169e-06
   22.7822 7.10856e-06
   23.7943 7.21726e-06
   24.8318 7.31474e-06
   25.8952 7.33396e-06
   26.9852 7.24275e-06
   28.1024 7.08301e-06
   29.2476 6.8949e-06
   30.4214 6.63376e-06
   31.6246 6.25522e-06
   32.8579 5.82799e-06
    34.122 5.44355e-06
   35.4177 5.13467e-06
   36.7458 4.8826e-06
   38.1071 4.63462e-06
   39.5025 4.36598e-06
   40.9327 4.09859e-06
   42.3987 3.85633e-06
   43.9014 3.61235e-06
   45.4416 3.32362e-06
   47.0204 2.99493e-06
   48.6386 2.67346e-06
   50.2974 2.38792e-06
   51.9975 2.13942e-06
   53.7402 1.92531e-06
   55.5265 1.7396e-06
   57.3574 1.56884e-06
   59.2342 1.39809e-06
   61.1578 1.22713e-06
   63.1296 1.08446e-06
   65.1506 9.66348e-07
   67.2222 8.28272e-07
   69.3456 6.81603e-07
   71.5221 5.46582e-07
    73.753 4.23721e-07
   76.0398 3.19228e-07
   78.3836 2.34191e-07
   80.7861 1.66412e-07
   83.2487 1.11401e-07
   85.7729 6.70653e-08
   88.3601 3.57591e-08
   91.0121 1.77659e-08
   93.7304 8.79669e-09
   96.5166 4.41097e-09
   99.3725 2.33744e-09
     102.3 1.35159e-09
     105.3 8.28699e-10
   108.376 5.25619e-10
   111.528 3.41805e-10
    114.76 2.26884e-10
   118.072 1.53267e-10
   121.467 1.05154e-10
   124.947 7.31764e-11
   128.513 5.16187e-11
   132.169 3.69086e-11
   135.917 2.67656e-11
   139.758 1.97087e-11
   143.695 1.47621e-11
   147.731 1.12749e-11
   151.867 8.80971e-12
   156.107 7.0711e-12
   160.453 5.85951e-12
   164.908 5.04224e-12
   169.474 4.53542e-12
   174.154 4.28676e-12
