  0.221235 5.53951e-11
  0.669237 4.08256e-09
   1.12844 2.9157e-08
   1.59913 1.05192e-07
   2.08159 2.67848e-07
   2.57611 5.48227e-07
   3.08299 9.61873e-07
   3.60256 1.50155e-06
   4.13511 2.13779e-06
   4.68098 2.82717e-06
    5.2405 3.52396e-06
   5.81401 4.19052e-06
   6.40187 4.80176e-06
   7.00442 5.34434e-06
   7.62204 5.81303e-06
    8.2551 6.20715e-06
   8.90399 6.52819e-06
   9.56911 6.78032e-06
   10.2509 6.97147e-06
   10.9497 7.11548e-06
   11.6659 7.23435e-06
   12.4001 7.35813e-06
   13.1527 7.52269e-06
    13.924 7.76478e-06
   14.7147 8.11662e-06
   15.5251 8.60062e-06
   16.3558 9.22084e-06
   17.2072 9.95413e-06
     18.08 1.07468e-05
   18.9745 1.15172e-05
   19.8915 1.21672e-05
   20.8313 1.26159e-05
   21.7947 1.28292e-05
   22.7822 1.28277e-05
   23.7943 1.26661e-05
   24.8318 1.23986e-05
   25.8952 1.20699e-05
   26.9852 1.17283e-05
   28.1024 1.14245e-05
   29.2476 1.11859e-05
   30.4214 1.1003e-05
   31.6246 1.08492e-05
   32.8579 1.0713e-05
    34.122  1.059e-05
   35.4177 1.04463e-05
   36.7458 1.02198e-05
   38.1071 9.87521e-06
   39.5025 9.4421e-06
   40.9327 8.98774e-06
   42.3987 8.55637e-06
   43.9014 8.1464e-06
   45.4416 7.72891e-06
   47.0204 7.28056e-06
   48.6386 6.80221e-06
   50.2974 6.31449e-06
   51.9975 5.84222e-06
   53.7402 5.40111e-06
   55.5265 4.99102e-06
   57.3574 4.59998e-06
   59.2342 4.21111e-06
   61.1578 3.81014e-06
   63.1296 3.38423e-06
   65.1506 2.93588e-06
   67.2222 2.48887e-06
   69.3456 2.04695e-06
   71.5221 1.62573e-06
    73.753 1.24585e-06
   76.0398 9.17151e-07
   78.3836 6.43709e-07
   80.7861 4.22085e-07
   83.2487 2.51064e-07
   85.7729 1.33319e-07
   88.3601 6.42369e-08
   91.0121 2.92306e-08
   93.7304 1.30606e-08
   96.5166 6.08726e-09
   99.3725 3.17964e-09
     102.3 1.86195e-09
     105.3 1.16927e-09
   108.376 7.63984e-10
   111.528 5.12029e-10
    114.76 3.49082e-10
   118.072 2.40575e-10
   121.467 1.66663e-10
   124.947 1.15477e-10
   128.513 7.96287e-11
   132.169 5.4363e-11
   135.917 3.6549e-11
   139.758 2.40561e-11
   143.695 1.53999e-11
   147.731 9.51446e-12
   151.867 5.62017e-12
   156.107 3.1386e-12
   160.453 1.63441e-12
   164.908 7.80815e-13
   169.474 3.37351e-13
   174.154 1.49214e-13
