  0.221235 -5.18952e-10
  0.669237 -1.05005e-08
   1.12844 -5.89799e-08
   1.59913 -1.93232e-07
   2.08159 -4.59713e-07
   2.57611 -8.79336e-07
   3.08299 -1.42837e-06
   3.60256 -2.03761e-06
   4.13511 -2.61461e-06
   4.68098 -3.07922e-06
    5.2405 -3.39414e-06
   5.81401 -3.57433e-06
   6.40187 -3.67231e-06
   7.00442 -3.74935e-06
   7.62204 -3.84848e-06
    8.2551 -3.98036e-06
   8.90399 -4.12363e-06
   9.56911 -4.2343e-06
   10.2509 -4.26207e-06
   10.9497 -4.16571e-06
   11.6659 -3.92119e-06
   12.4001 -3.51998e-06
   13.1527 -2.95747e-06
    13.924 -2.22538e-06
   14.7147 -1.31163e-06
   15.5251 -2.1306e-07
   16.3558 1.04553e-06
   17.2072 2.39518e-06
     18.08 3.72702e-06
   18.9745 4.91248e-06
   19.8915 5.83307e-06
   20.8313 6.41095e-06
   21.7947 6.61977e-06
   22.7822 6.49243e-06
   23.7943 6.11125e-06
   24.8318 5.55476e-06
   25.8952 4.85476e-06
   26.9852 4.05549e-06
   28.1024 3.32624e-06
   29.2476 2.90822e-06
   30.4214 2.82586e-06
   31.6246 2.80339e-06
   32.8579 2.59289e-06
    34.122 2.18811e-06
   35.4177 1.74051e-06
   36.7458 1.39504e-06
   38.1071 1.18628e-06
   39.5025 1.1005e-06
   40.9327 1.12872e-06
   42.3987 1.2346e-06
   43.9014 1.30893e-06
   45.4416 1.19748e-06
   47.0204 8.50442e-07
   48.6386 3.66044e-07
   50.2974 -1.43988e-07
   51.9975 -6.10307e-07
   53.7402 -9.54532e-07
   55.5265 -1.13243e-06
   57.3574 -1.2074e-06
   59.2342 -1.30398e-06
   61.1578 -1.49911e-06
   63.1296 -1.72753e-06
   65.1506 -1.86596e-06
   67.2222 -1.99351e-06
   69.3456 -2.13392e-06
   71.5221 -2.11929e-06
    73.753 -1.93591e-06
   76.0398 -1.67672e-06
   78.3836 -1.40531e-06
   80.7861 -1.12657e-06
   83.2487 -8.1275e-07
   85.7729 -4.99797e-07
   88.3601 -2.62667e-07
   91.0121 -1.23901e-07
   93.7304 -5.34931e-08
   96.5166 -2.08073e-08
   99.3725 -7.90671e-09
     102.3 -3.29834e-09
     105.3 -1.51006e-09
   108.376 -7.37448e-10
   111.528 -3.81219e-10
    114.76 -2.07775e-10
   118.072 -1.18629e-10
   121.467 -7.03937e-11
   124.947 -4.30471e-11
   128.513 -2.69004e-11
   132.169 -1.70436e-11
   135.917 -1.08699e-11
   139.758 -6.93034e-12
   143.695 -4.38494e-12
   147.731 -2.72845e-12
   151.867 -1.64867e-12
   156.107 -9.4774e-13
   160.453 -4.97949e-13
   164.908 -2.16382e-13
   169.474 -5.11374e-14
   174.154 2.59602e-14
