  0.221235   0.221235
  0.669237   0.668664
   1.12844    1.12741
   1.59913    1.59777
   2.08159    2.07911
   2.57611    2.56974
   3.08299    3.06687
   3.60256    3.56698
   4.13511    4.06613
   4.68098    4.56044
    5.2405    5.04651
   5.81401    5.52166
   6.40187    5.98396
   7.00442    6.43222
   7.62204    6.86578
    8.2551    7.28441
   8.90399    7.68822
   9.56911    8.07763
   10.2509    8.45351
   10.9497    8.81709
   11.6659    9.17016
   12.4001     9.5149
   13.1527    9.85393
    13.924    10.1901
   14.7147    10.5266
   15.5251    10.8666
   16.3558    11.2138
   17.2072    11.5718
     18.08    11.9442
   18.9745    12.3341
   19.8915    12.7438
   20.8313    13.1739
   21.7947    13.6232
   22.7822    14.0894
   23.7943      14.57
   24.8318    15.0633
   25.8952    15.5679
   26.9852    16.0831
   28.1024     16.609
   29.2476    17.1469
   30.4214     17.698
   31.6246     18.263
   32.8579    18.8438
    34.122    19.4448
   35.4177    20.0727
   36.7458    20.7333
   38.1071    21.4302
   39.5025    22.1641
   40.9327    22.9337
   42.3987    23.7368
   43.9014    24.5686
   45.4416    25.4211
   47.0204     26.285
   48.6386    27.1525
   50.2974    28.0196
   51.9975    28.8854
   53.7402    29.7499
   55.5265    30.6128
   57.3574    31.4747
   59.2342     32.338
   61.1578     33.206
   63.1296    34.0816
   65.1506    34.9651
   67.2222    35.8543
   69.3456    36.7473
   71.5221    37.6421
    73.753    38.5372
   76.0398    39.4317
   78.3836    40.3247
   80.7861    41.2151
   83.2487    42.1014
   85.7729    42.9822
   88.3601    43.8564
   91.0121    44.7235
   93.7304    45.5831
   96.5166    46.4344
   99.3725    47.2764
     102.3    48.1074
     105.3    48.9258
   108.376    49.7295
   111.528    50.5164
    114.76    51.2844
   118.072    52.0309
   121.467    52.7534
   124.947    53.4491
   128.513     54.115
   132.169    54.7481
   135.917    55.3451
   139.758    55.9023
   143.695     56.416
   147.731    56.8822
   151.867    57.2967
   156.107     57.655
   160.453    57.9523
   164.908    58.1836
   169.474    58.3434
   174.154    58.4263
