  0.443014   0.447575
   1.34012   0.529827
   2.25966    0.42953
   3.20219   0.287615
   4.16829   0.128132
   5.15855 -0.0138638
   6.17357  -0.115797
   7.21398  -0.174032
   8.28039  -0.193703
   9.37348  -0.192391
   10.4939  -0.174025
   11.6423  -0.151104
   12.8195  -0.127286
   14.0261  -0.104097
   15.2628 -0.0848564
   16.5305 -0.0664324
   17.8299 -0.0522727
   19.1618 -0.0428922
   20.5269 -0.0309525
   21.9263 -0.0254811
   23.3606 -0.0195254
   24.8307 -0.0147328
   26.3377 -0.0122359
   27.8823 -0.00732151
   29.4655 -0.00685026
   31.0884 -0.00442027
   32.7518 -0.0045313
   34.4568 -0.00300319
   36.2044 -0.00388014
   37.9958 -0.00211947
   39.8319 -0.000851925
   41.7139 -0.000221956
    43.643 0.000962714
   45.6204 0.00145943
   47.6472 0.000583594
   49.7247 -0.00120904
   51.8541 -0.00256205
   54.0367 -0.00306513
    56.274 -0.00287355
   58.5672 -0.00233327
   60.9177 -0.00213763
    63.327 -0.00211543
   65.7966 -0.00205536
   68.3279 -0.00251125
   70.9225 -0.00367452
    73.582 -0.00495094
    76.308 -0.00569206
   79.1021 -0.00558201
   81.9661 -0.0041252
   84.9018 -0.00138886
   87.9108 0.00166099
   90.9951 0.00346289
   94.1565 0.00377863
    97.397 0.00379431
   100.718   0.003796
   104.123 0.00371323
   107.613 0.00394181
    111.19   0.004113
   114.856 0.00342813
   118.614 0.00230141
   122.466 0.00128858
   126.414 0.000995728
   130.462 0.00123996
    134.61 0.000811131
   138.862 0.000712489
    143.22 0.00167155
   147.688  0.0023669
   152.267 0.00240036
    156.96 0.00224327
   161.771 0.00191967
   166.702 0.00188399
   171.757 0.00189659
   176.938 0.00128164
   182.248 0.000865126
   187.691 0.000946628
   193.271 0.00108163
    198.99 0.000937169
   204.851 0.000861816
    210.86 0.000519919
   217.019 0.000213042
   223.331 0.000290393
   229.802 0.000193019
   236.434 0.000152631
   243.232 0.000170538
   250.201 0.00018425
   257.343 0.000164263
   264.664 -0.000132316
   272.168 -0.000290772
    279.86 -0.000237022
   287.744 -0.000348964
   295.825 -0.000477028
   304.108 -0.000562088
   312.599 -0.000444594
   321.302 -0.000604475
   330.222 -0.000652679
   339.365 -0.000649379
   348.737 -0.00108892
