  0.443014   0.620422
   1.34012   0.577445
   2.25966   0.538977
   3.20219   0.493973
   4.16829   0.443825
   5.15855    0.39514
   6.17357   0.353057
   7.21398   0.319174
   8.28039   0.292715
   9.37348   0.271709
   10.4939   0.254429
   11.6423   0.239858
   12.8195   0.226994
   14.0261   0.215434
   15.2628   0.204748
   16.5305   0.194664
   17.8299    0.18515
   19.1618   0.176137
   20.5269    0.16758
   21.9263   0.159451
   23.3606   0.151759
   24.8307   0.144487
   26.3377   0.137651
   27.8823    0.13126
   29.4655   0.125285
   31.0884    0.11967
   32.7518   0.114365
   34.4568   0.109339
   36.2044   0.104649
   37.9958   0.100343
   39.8319  0.0963594
   41.7139  0.0927225
    43.643  0.0893897
   45.6204  0.0863208
   47.6472  0.0833796
   49.7247  0.0805246
   51.8541  0.0778871
   54.0367  0.0756166
    56.274  0.0736194
   58.5672  0.0717323
   60.9177  0.0699707
    63.327   0.068434
   65.7966  0.0671628
   68.3279  0.0660725
   70.9225  0.0650567
    73.582  0.0641224
    76.308  0.0633047
   79.1021  0.0626565
   81.9661  0.0619998
   84.9018  0.0610647
   87.9108  0.0597271
   90.9951  0.0581308
   94.1565  0.0566338
    97.397  0.0551592
   100.718  0.0534455
   104.123  0.0516437
   107.613  0.0498692
    111.19   0.048146
   114.856  0.0464084
   118.614  0.0447668
   122.466  0.0433666
   126.414  0.0422986
   130.462  0.0414597
    134.61  0.0406348
   138.862  0.0398528
    143.22  0.0390553
   147.688  0.0378692
   152.267  0.0362308
    156.96  0.0344459
   161.771  0.0329266
   166.702  0.0318471
   171.757  0.0307099
   176.938  0.0293188
   182.248  0.0280288
   187.691  0.0269876
   193.271  0.0260982
    198.99  0.0253142
   204.851  0.0245098
    210.86  0.0235763
   217.019  0.0225843
   223.331  0.0216325
   229.802  0.0206328
   236.434   0.019672
   243.232  0.0187374
   250.201    0.01769
   257.343  0.0166595
   264.664  0.0155325
   272.168    0.01446
    279.86  0.0134738
   287.744  0.0125656
   295.825  0.0116839
   304.108  0.0108275
   312.599   0.010067
   321.302 0.00939795
   330.222 0.00893169
   339.365 0.00861507
   348.737 0.00838244
