  0.443014 0.000148192
   1.34012 0.00585772
   2.25966  0.0276374
   3.20219  0.0715888
   4.16829   0.134083
   5.15855   0.204339
   6.17357   0.270058
   7.21398   0.322257
   8.28039     0.3568
   9.37348   0.374133
   10.4939    0.37707
   11.6423   0.369222
   12.8195   0.354473
   14.0261   0.335513
   15.2628   0.314859
   16.5305   0.293863
   17.8299   0.273177
   19.1618   0.253294
   20.5269   0.234659
   21.9263   0.217377
   23.3606   0.201713
   24.8307   0.187421
   26.3377   0.174843
   27.8823   0.163687
   29.4655   0.153553
   31.0884   0.144481
   32.7518   0.136414
   34.4568   0.128835
   36.2044   0.121716
   37.9958   0.115525
   39.8319   0.109488
   41.7139   0.103919
    43.643  0.0988855
   45.6204  0.0944094
   47.6472  0.0906664
   49.7247  0.0878981
   51.8541  0.0860398
   54.0367  0.0849373
    56.274  0.0843845
   58.5672  0.0841467
   60.9177  0.0840914
    63.327  0.0840942
   65.7966  0.0839297
   68.3279  0.0835234
   70.9225  0.0831643
    73.582  0.0832651
    76.308  0.0838156
   79.1021  0.0843744
   81.9661  0.0846054
   84.9018  0.0843404
   87.9108  0.0834461
   90.9951  0.0821979
   94.1565  0.0812041
    97.397  0.0804298
   100.718  0.0792576
   104.123  0.0773172
   107.613  0.0746854
    111.19   0.071924
   114.856  0.0694179
   118.614  0.0671785
   122.466  0.0650788
   126.414  0.0634707
   130.462  0.0627358
    134.61  0.0629589
   138.862  0.0633143
    143.22   0.062675
   147.688   0.060501
   152.267   0.057263
    156.96  0.0542319
   161.771  0.0522864
   166.702  0.0505049
   171.757  0.0475403
   176.938  0.0439569
   182.248  0.0406186
   187.691  0.0378251
   193.271  0.0354986
    198.99  0.0331965
   204.851  0.0312103
    210.86  0.0299231
   217.019  0.0285874
   223.331  0.0268322
   229.802  0.0251695
   236.434  0.0232404
   243.232  0.0209519
   250.201  0.0185534
   257.343  0.0162399
   264.664  0.0143747
   272.168  0.0126751
    279.86  0.0112725
   287.744 0.00985128
   295.825 0.00833095
   304.108 0.00695088
   312.599 0.00523927
   321.302  0.0034094
   330.222  0.0022903
   339.365 0.00199693
   348.737 0.00240321
