  0.443014  0.0167807
   1.34012  0.0313365
   2.25966  0.0353621
   3.20219  0.0344071
   4.16829  0.0312338
   5.15855  0.0271295
   6.17357  0.0226715
   7.21398  0.0181186
   8.28039  0.0136003
   9.37348 0.00924582
   10.4939 0.00517857
   11.6423 0.00151055
   12.8195 -0.00166718
   14.0261 -0.00430969
   15.2628 -0.00644251
   16.5305 -0.0081494
   17.8299 -0.00948073
   19.1618 -0.0104826
   20.5269 -0.0111746
   21.9263 -0.0116001
   23.3606  -0.011709
   24.8307  -0.011462
   26.3377  -0.010853
   27.8823 -0.00997206
   29.4655 -0.00891275
   31.0884 -0.00777175
   32.7518 -0.00674663
   34.4568 -0.00593557
   36.2044 -0.00532426
   37.9958 -0.00487228
   39.8319 -0.00464221
   41.7139 -0.00464867
    43.643 -0.00463144
   45.6204 -0.00453108
   47.6472 -0.00449168
   49.7247 -0.00456769
   51.8541 -0.00455547
   54.0367 -0.00438534
    56.274 -0.0041501
   58.5672 -0.00383861
   60.9177 -0.00339959
    63.327 -0.00277894
   65.7966 -0.00211945
   68.3279 -0.00163387
   70.9225 -0.00132465
    73.582 -0.0011221
    76.308 -0.000953842
   79.1021 -0.00069389
   81.9661 -0.000410566
   84.9018 -0.000342023
   87.9108 -0.000668221
   90.9951 -0.00111763
   94.1565 -0.00115274
    97.397 -0.000551486
   100.718 0.000152112
   104.123 0.00049743
   107.613 0.000247814
    111.19 -0.000652059
   114.856 -0.00183539
   118.614 -0.00226946
   122.466 -0.00174449
   126.414 -0.00133421
   130.462 -0.00179653
    134.61 -0.00305372
   138.862 -0.00465429
    143.22 -0.00562716
   147.688 -0.00556371
   152.267 -0.00466522
    156.96 -0.00387463
   161.771 -0.00360033
   166.702 -0.00266633
   171.757 -0.00144529
   176.938 -0.000946922
   182.248 -0.000571985
   187.691 -0.000347025
   193.271 -0.000837589
    198.99 -0.00140666
   204.851 -0.0018271
    210.86 -0.00199329
   217.019 -0.0022748
   223.331 -0.00176549
   229.802 -0.00136575
   236.434 -0.000738117
   243.232 -0.000456421
   250.201 -0.00109184
   257.343 -0.0024318
   264.664 -0.00310224
   272.168 -0.00260818
    279.86 -0.00198787
   287.744 -0.00227874
   295.825 -0.00259627
   304.108 -0.00262658
   312.599 -0.0024979
   321.302 -0.00198295
   330.222 -0.00130786
   339.365 -0.000581237
   348.737 -0.000644989
