  0.443014 -0.00255177
   1.34012 -0.0196275
   2.25966 -0.0671395
   3.20219  -0.144333
   4.16829   -0.23063
   5.15855  -0.301845
   6.17357  -0.343911
   7.21398  -0.355259
   8.28039  -0.342848
   9.37348  -0.315745
   10.4939   -0.28199
   11.6423  -0.247205
   12.8195  -0.214068
   14.0261  -0.183823
   15.2628  -0.156858
   16.5305   -0.13368
   17.8299  -0.114128
   19.1618 -0.0976265
   20.5269 -0.0844821
   21.9263 -0.0740513
   23.3606 -0.0653617
   24.8307 -0.0578225
   26.3377 -0.0501279
   27.8823 -0.0425817
   29.4655 -0.0362049
   31.0884 -0.0308998
   32.7518 -0.0263269
   34.4568  -0.023126
   36.2044  -0.020325
   37.9958 -0.0173463
   39.8319 -0.0148434
   41.7139  -0.012163
    43.643 -0.00965822
   45.6204 -0.00761252
   47.6472 -0.00582048
   49.7247 -0.00413148
   51.8541 -0.00223371
   54.0367 0.000370514
    56.274 0.00417445
   58.5672 0.00891327
   60.9177  0.0139378
    63.327  0.0191204
   65.7966  0.0239846
   68.3279  0.0288256
   70.9225  0.0352661
    73.582   0.043343
    76.308  0.0512122
   79.1021  0.0569299
   81.9661   0.059832
   84.9018  0.0608035
   87.9108  0.0613424
   90.9951  0.0623925
   94.1565   0.063951
    97.397  0.0653341
   100.718  0.0654935
   104.123  0.0653054
   107.613  0.0647162
    111.19   0.061253
   114.856  0.0551678
   118.614  0.0508647
   122.466  0.0507823
   126.414  0.0521888
   130.462  0.0534872
    134.61  0.0552661
   138.862  0.0575251
    143.22  0.0590114
   147.688  0.0581939
   152.267  0.0550869
    156.96  0.0511313
   161.771  0.0479555
   166.702   0.045503
   171.757  0.0423823
   176.938  0.0366309
   182.248  0.0296117
   187.691   0.024466
   193.271  0.0212173
    198.99  0.0186902
   204.851  0.0163877
    210.86  0.0134217
   217.019 0.00990432
   223.331 0.00651996
   229.802  0.0038465
   236.434  0.0019229
   243.232 -0.000805207
   250.201 -0.00329039
   257.343 -0.00460204
   264.664 -0.00631782
   272.168 -0.0102725
    279.86 -0.0147438
   287.744 -0.0166416
   295.825 -0.0183689
   304.108 -0.0232083
   312.599 -0.0281855
   321.302 -0.0310192
   330.222 -0.0322863
   339.365 -0.0321692
   348.737 -0.0328606
