  0.443014   0.443014
   1.34012    1.33709
   2.25966    2.24485
   3.20219    3.15503
   4.16829    4.05205
   5.15855    4.91919
   6.17357    5.74192
   7.21398    6.51002
   8.28039    7.21811
   9.37348    7.86467
   10.4939    8.45177
   11.6423    8.98299
   12.8195    9.46317
   14.0261    9.89754
   15.2628    10.2912
   16.5305    10.6491
   17.8299    10.9756
   19.1618    11.2745
   20.5269    11.5498
   21.9263     11.804
   23.3606      12.04
   24.8307    12.2597
   26.3377    12.4653
   27.8823    12.6585
   29.4655    12.8409
   31.0884    13.0142
   32.7518    13.1797
   34.4568    13.3384
   36.2044     13.491
   37.9958    13.6385
   39.8319    13.7813
   41.7139      13.92
    43.643    14.0554
   45.6204     14.188
   47.6472    14.3181
   49.7247    14.4465
   51.8541    14.5738
   54.0367    14.7009
    56.274     14.828
   58.5672    14.9557
   60.9177    15.0839
    63.327     15.213
   65.7966    15.3436
   68.3279    15.4763
   70.9225    15.6122
    73.582    15.7525
    76.308    15.8981
   79.1021    16.0501
   81.9661    16.2091
   84.9018    16.3751
   87.9108     16.547
   90.9951    16.7233
   94.1565    16.9025
    97.397    17.0837
   100.718    17.2664
   104.123    17.4494
   107.613    17.6321
    111.19     17.813
   114.856    17.9918
   118.614    18.1688
   122.466     18.345
   126.414    18.5211
   130.462    18.6991
    134.61    18.8808
   138.862    19.0678
    143.22    19.2606
   147.688    19.4572
   152.267    19.6559
    156.96    19.8553
   161.771    20.0564
   166.702    20.2608
   171.757    20.4678
   176.938    20.6735
   182.248     20.876
   187.691    21.0759
   193.271    21.2739
    198.99     21.469
   204.851    21.6623
    210.86    21.8556
   217.019    22.0483
   223.331    22.2389
   229.802    22.4282
   236.434     22.615
   243.232    22.7988
   250.201    22.9809
   257.343    23.1592
   264.664      23.33
   272.168    23.4939
    279.86    23.6508
   287.744    23.7983
   295.825    23.9346
   304.108    24.0587
   312.599    24.1686
   321.302    24.2619
   330.222    24.3364
   339.365    24.3869
   348.737    24.4099
